1 -8.3363e-15 -7.00722e-10 -1.25902e-17 8.33638e-15 1 1.06392e-10 7.48517e-18 7.00722e-10 -1.06392e-10 1 -2.90588e-12
0.999995 -0.00183662 0.00242372 -0.830723 0.00183814 0.999998 -0.000626489 -0.0702528 -0.00242256 0.000630942 0.999997 0.028506
0.999955 -0.00619254 0.00712886 -2.0279 0.00621328 0.999977 -0.00289042 -0.0890035 -0.0071108 0.00293459 0.99997 0.0611351
0.999896 -0.0101634 0.0102549 -3.23604 0.0101777 0.999947 -0.00135147 -0.094529 -0.0102406 0.0014557 0.999947 0.0943558
0.999925 -0.0105464 0.00615898 -4.43987 0.0105666 0.999939 -0.00325993 -0.111933 -0.00612422 0.00332476 0.999976 0.112778
0.999922 -0.0116081 0.00466198 -5.45798 0.0116165 0.999931 -0.00177551 -0.129743 -0.00464105 0.00182953 0.999988 0.149339
0.999908 -0.0131164 0.00351053 -6.57744 0.0131274 0.999909 -0.00312253 -0.154525 -0.00346926 0.00316832 0.999989 0.16777
0.999879 -0.0153974 0.00217493 -7.812 0.0153993 0.999881 -0.000849054 -0.157814 -0.0021616 0.000882443 0.999997 0.201606
0.999857 -0.0163638 0.0041903 -9.13307 0.0163833 0.999855 -0.00466874 -0.194597 -0.00411329 0.00473672 0.99998 0.235488
0.999829 -0.0177863 0.00496165 -10.5694 0.0178 0.999838 -0.00272271 -0.203606 -0.00491242 0.00281056 0.999984 0.267049
0.99982 -0.018772 0.00264324 -11.5779 0.018783 0.999815 -0.00422143 -0.229772 -0.00256351 0.00427032 0.999988 0.292312
0.999811 -0.0194355 0.000538649 -12.6198 0.0194381 0.999797 -0.00522362 -0.256755 -0.000437016 0.0052331 0.999986 0.309011
0.999788 -0.0205736 0.00112994 -13.7042 0.0205779 0.999781 -0.00390498 -0.268662 -0.00104935 0.0039274 0.999992 0.335767
0.999785 -0.0206704 0.00141779 -14.8214 0.0206772 0.999774 -0.0050044 -0.297563 -0.00131403 0.00503264 0.999986 0.362394
0.999758 -0.0219373 -0.00176261 -15.982 0.0219281 0.999747 -0.005058 -0.321281 0.00187312 0.00501812 0.999986 0.37218
0.999764 -0.0213675 -0.00404201 -17.1689 0.021348 0.999761 -0.00478866 -0.337659 0.00414336 0.00470124 0.99998 0.406462
0.999803 -0.0196226 -0.00289677 -18.3763 0.0196064 0.999793 -0.00551055 -0.359554 0.0030043 0.00545267 0.999981 0.424904
0.999839 -0.0178471 -0.00186246 -19.6187 0.0178382 0.99983 -0.00465797 -0.376691 0.00194528 0.004624 0.999987 0.439104
0.99987 -0.01585 -0.00300788 -20.9112 0.0158355 0.999863 -0.00479842 -0.386074 0.00308352 0.00475017 0.999984 0.464757
0.999895 -0.0142657 -0.00267759 -22.2296 0.0142546 0.99989 -0.00409914 -0.405231 0.00273578 0.00406054 0.999988 0.492367
0.999922 -0.0122191 -0.00273686 -23.5692 0.0122053 0.999913 -0.0050065 -0.412837 0.00279779 0.00497271 0.999984 0.509906
0.999928 -0.0102724 -0.00615312 -24.9569 0.0102525 0.999942 -0.0032604 -0.417687 0.00618626 0.00319709 0.999976 0.527312
0.99994 -0.00833045 -0.00717445 -26.3628 0.0083144 0.999963 -0.00226466 -0.414567 0.00719305 0.00220488 0.999972 0.551214
0.999959 -0.00647444 -0.00627222 -27.7871 0.00646454 0.999978 -0.00159864 -0.422627 0.00628243 0.00155803 0.999979 0.57781
0.999979 -0.00423741 -0.00480929 -29.2351 0.00422703 0.999989 -0.00216671 -0.423229 0.00481841 0.00214633 0.999986 0.605058
0.999975 -0.0019234 -0.00677742 -30.7076 0.00190565 0.999995 -0.00262539 -0.423579 0.00678243 0.00261241 0.999974 0.619955
0.999941 0.000347003 -0.0108292 -32.2167 -0.000400607 0.999988 -0.00494819 -0.409744 0.0108274 0.00495223 0.999929 0.650678
0.999965 0.00250141 -0.00799228 -33.7485 -0.00255279 0.999976 -0.00642575 -0.416179 0.00797602 0.00644593 0.999947 0.665858
0.999956 0.00478632 -0.00803003 -35.281 -0.00482304 0.999978 -0.00456042 -0.401822 0.00800802 0.00459895 0.999957 0.679959
0.999912 0.00560473 -0.0120096 -36.8471 -0.00563733 0.999981 -0.00268286 -0.377095 0.0119943 0.00275033 0.999924 0.692276
0.999869 0.00454994 -0.0155517 -38.4331 -0.0045754 0.999988 -0.00160219 -0.362438 0.0155443 0.00167314 0.999878 0.715622
0.999912 0.00388503 -0.0126591 -40.0408 -0.00390938 0.999991 -0.00189978 -0.359124 0.0126516 0.00194911 0.999918 0.733842
0.99992 0.00325335 -0.0122313 -41.6595 -0.003262 0.999994 -0.000686914 -0.340403 0.012229 0.000726757 0.999925 0.74452
0.999902 0.0026678 -0.0137442 -43.2728 -0.00266631 0.999996 0.000127089 -0.333153 0.0137445 -9.04307e-05 0.999906 0.77104
0.999849 0.00162624 -0.0173283 -44.9106 -0.0016182 0.999999 0.000478112 -0.334345 0.017329 -0.000449999 0.99985 0.774508
0.999732 0.00152652 -0.0230993 -46.5311 -0.00148958 0.999998 0.00161646 -0.332199 0.0231017 -0.00158162 0.999732 0.784287
0.999811 0.000871191 -0.0194398 -48.1657 -0.00086688 1 0.00023019 -0.330082 0.01944 -0.000213295 0.999811 0.80549
0.999921 0.000115175 -0.0126007 -49.7812 -0.000115823 1 -5.07525e-05 -0.317745 0.0126007 5.22079e-05 0.999921 0.807006
0.999819 -0.000221692 -0.0190245 -51.4 0.000245069 0.999999 0.00122644 -0.310961 0.0190242 -0.00123088 0.999818 0.823888
0.999735 -0.000259385 -0.0230115 -52.9964 0.000300172 0.999998 0.00176903 -0.307364 0.023011 -0.00177546 0.999734 0.832678
0.99978 -0.000954219 -0.0209399 -54.5679 0.00100568 0.999996 0.00244721 -0.310612 0.0209375 -0.00246774 0.999778 0.842094
0.999844 -0.00117056 -0.0176046 -56.1247 0.0012017 0.999998 0.0017586 -0.307098 0.0176025 -0.00177948 0.999843 0.861565
0.999859 -0.000800726 -0.0167805 -57.6587 0.000818031 0.999999 0.00102441 -0.305357 0.0167797 -0.00103799 0.999859 0.865338
0.999744 -0.000808112 -0.0226065 -59.2103 0.000849993 0.999998 0.00184307 -0.296377 0.022605 -0.00186181 0.999743 0.873276
0.999708 -0.000589724 -0.0241482 -60.7201 0.000652981 0.999996 0.00261173 -0.299686 0.0241466 -0.00262673 0.999705 0.880218
0.999797 -0.000181453 -0.020128 -62.2009 0.000213049 0.999999 0.0015676 -0.299851 0.0201277 -0.00157158 0.999796 0.902987
0.999874 0.00134807 -0.0158233 -63.675 -0.00136805 0.999998 -0.00125157 -0.299722 0.0158216 0.00127306 0.999874 0.912534
0.999817 0.0029464 -0.0189069 -65.153 -0.00297809 0.999994 -0.0016481 -0.296431 0.0189019 0.0017041 0.99982 0.914659
0.999778 0.00497033 -0.0204849 -66.6121 -0.00501685 0.999985 -0.00222026 -0.281654 0.0204736 0.00232253 0.999788 0.924416
0.999791 0.00664969 -0.0193123 -68.0477 -0.00669024 0.999976 -0.00203595 -0.273236 0.0192983 0.00216473 0.999811 0.938519
0.999728 0.00843194 -0.0217442 -69.4976 -0.0085178 0.999956 -0.00385885 -0.266942 0.0217107 0.00404301 0.999756 0.944458
0.999667 0.00981497 -0.0238651 -70.9531 -0.00994006 0.999937 -0.00512875 -0.249896 0.0238133 0.00536426 0.999702 0.944498
0.999678 0.0106371 -0.0230457 -72.3951 -0.0107674 0.999927 -0.00554096 -0.230012 0.022985 0.00578732 0.999719 0.953214
0.999686 0.0115917 -0.0222375 -73.8336 -0.0117632 0.999902 -0.00759634 -0.218305 0.0221472 0.00785554 0.999724 0.949802
0.999542 0.0122646 -0.0276782 -75.2809 -0.0124518 0.999901 -0.00659876 -0.204613 0.0275945 0.00694037 0.999595 0.937946
0.999289 0.0131764 -0.0353224 -76.7449 -0.0133179 0.999904 -0.00377472 -0.173019 0.0352693 0.00424245 0.999369 0.923618
0.999396 0.0142741 -0.0316745 -78.1845 -0.0143916 0.99989 -0.00348446 -0.143875 0.0316213 0.0039382 0.999492 0.934749
0.999744 0.0151394 -0.0168026 -79.6347 -0.0152334 0.999869 -0.00548034 -0.12423 0.0167175 0.0057349 0.999844 0.942736
0.999742 0.0153425 -0.016749 -81.0827 -0.0154513 0.99986 -0.00638551 -0.104081 0.0166487 0.00664265 0.999839 0.945526
0.999562 0.0163348 -0.0246726 -82.5563 -0.0165855 0.999813 -0.00999054 -0.0851321 0.0245048 0.0103954 0.999646 0.952955
0.999807 0.0173985 -0.00908848 -83.9991 -0.017448 0.999833 -0.00539563 -0.0524397 0.00899309 0.00555317 0.999944 0.95772
0.999785 0.0184078 0.00957443 -85.4304 -0.0184586 0.999816 0.00524604 -0.00380463 -0.0094761 -0.00542164 0.99994 0.993929
0.999357 0.020509 -0.0294099 -86.9353 -0.0204722 0.999789 0.0015506 0.0249635 0.0294355 -0.000947518 0.999566 0.996213
0.997568 0.0221877 -0.0660789 -88.4381 -0.0224619 0.999742 -0.00340991 0.0587651 0.0659862 0.00488588 0.997809 0.982381
0.999178 0.0259119 -0.031181 -89.8861 -0.0261289 0.999637 -0.00657216 0.0967307 0.0309994 0.00738148 0.999492 0.966956
0.99947 0.0291681 -0.0144853 -91.3476 -0.0292821 0.999541 -0.00772404 0.139726 0.0142533 0.00814411 0.999865 0.954579
0.999129 0.0329718 -0.025583 -92.8651 -0.0331741 0.999421 -0.00752205 0.206921 0.0253201 0.00836419 0.999644 0.939938
0.999034 0.0359342 -0.0252883 -94.3741 -0.0360788 0.999335 -0.00528484 0.275734 0.0250816 0.00619211 0.999666 0.948756
0.998963 0.0389727 -0.0235172 -95.911 -0.0390272 0.999236 -0.00186254 0.339928 0.0234267 0.00277842 0.999722 0.934362
0.998672 0.0431516 -0.0281437 -97.4494 -0.0432238 0.999063 -0.00196104 0.418702 0.0280327 0.00317491 0.999602 0.951712
0.998551 0.0463483 -0.0273324 -99.0277 -0.0464583 0.998914 -0.00340187 0.486907 0.0271451 0.00466676 0.999621 0.937415
0.99842 0.0497074 -0.0261861 -100.594 -0.0497074 0.998764 0.000652842 0.593596 0.0261862 0.000649831 0.999657 0.927809
0.998255 0.0538298 -0.0242822 -102.189 -0.0538708 0.998547 -0.00104 0.683397 0.0241909 0.00234628 0.999705 0.940103
0.998132 0.0574794 -0.0207196 -103.805 -0.057587 0.99833 -0.00463275 0.780015 0.0204187 0.00581727 0.999775 0.938506
0.997817 0.0612176 -0.0247621 -105.431 -0.0613484 0.998106 -0.00455795 0.878749 0.0244362 0.00606712 0.999683 0.932503
0.997267 0.0655989 -0.0340016 -107.075 -0.0658057 0.99782 -0.00499991 0.999029 0.0335995 0.00722375 0.999409 0.924833
0.997146 0.070005 -0.028261 -108.723 -0.070252 0.997498 -0.00784277 1.11844 0.0276412 0.00980578 0.99957 0.917284
0.997065 0.0745653 -0.0173652 -110.377 -0.0747404 0.997156 -0.00966361 1.23452 0.0165952 0.0109331 0.999803 0.915406
0.996619 0.07891 -0.0228737 -112.06 -0.0791569 0.996811 -0.010097 1.38238 0.022004 0.0118735 0.999687 0.919478
0.99592 0.0845322 -0.0315781 -113.756 -0.0847843 0.996377 -0.00673051 1.53402 0.0308947 0.00938037 0.999479 0.902298
0.995569 0.0890701 -0.0301616 -115.435 -0.0892573 0.995996 -0.00491529 1.70281 0.029603 0.00758565 0.999533 0.913445
0.995534 0.0928534 -0.017045 -117.155 -0.0930093 0.995628 -0.0085908 1.87636 0.0161728 0.0101378 0.999818 0.900303
0.995219 0.0960647 -0.0176372 -118.861 -0.0961738 0.99535 -0.00544 2.04344 0.0170326 0.00711023 0.99983 0.91538
0.994907 0.0987931 -0.0199952 -120.59 -0.098924 0.995079 -0.00566581 2.21767 0.0193371 0.00761496 0.999784 0.929805
0.99469 0.101442 -0.017331 -122.305 -0.101583 0.994799 -0.00746538 2.38726 0.0164835 0.00918628 0.999822 0.934681
0.994116 0.104519 -0.0284424 -124.035 -0.104659 0.994502 -0.00348936 2.58676 0.0279214 0.00644559 0.999589 0.941475
0.993476 0.108013 -0.0365965 -125.761 -0.108193 0.994125 -0.00297087 2.7741 0.0360606 0.00691098 0.999326 0.920828
0.993425 0.110759 -0.0289659 -127.473 -0.110853 0.993835 -0.00164337 2.9697 0.0286054 0.00484351 0.999579 0.902153
0.993109 0.113923 -0.0274958 -129.201 -0.114063 0.993467 -0.00356539 3.17278 0.02691 0.00667708 0.999616 0.9133
0.992617 0.116772 -0.0328094 -130.956 -0.116939 0.993134 -0.00320765 3.38911 0.0322096 0.00702067 0.999456 0.888669
0.992239 0.11977 -0.033415 -132.714 -0.119822 0.992795 0.000460446 3.61678 0.0332294 0.00354697 0.999441 0.872709
0.992066 0.122383 -0.028778 -134.474 -0.122393 0.992481 0.00140582 3.84292 0.0287337 0.00212758 0.999585 0.865437
0.991704 0.124554 -0.0317668 -136.238 -0.12454 0.992212 0.00241063 4.07511 0.0318196 0.00156561 0.999492 0.848593
0.99144 0.126005 -0.0342116 -138.007 -0.126006 0.992027 0.00211798 4.30708 0.0342057 0.00221102 0.999412 0.841349
0.991388 0.126305 -0.0345918 -139.792 -0.126323 0.991988 0.0016587 4.54241 0.0345242 0.00272535 0.9994 0.815614
0.991518 0.126177 -0.031157 -141.553 -0.126245 0.991999 -0.000207109 4.75593 0.0308815 0.00413875 0.999514 0.809015
0.991632 0.125632 -0.0297032 -143.344 -0.125656 0.992073 0.00107425 4.99671 0.0296027 0.00266711 0.999558 0.786039
0.991662 0.125438 -0.0295425 -145.107 -0.125485 0.992095 0.000250888 5.21772 0.0293404 0.00345835 0.999563 0.7879
0.991706 0.124514 -0.0318558 -146.895 -0.124593 0.992208 -0.000501944 5.45087 0.0315451 0.00446679 0.999492 0.771089
0.991735 0.124416 -0.0313499 -148.661 -0.124524 0.992215 -0.00152673 5.67618 0.0309159 0.00541792 0.999507 0.757635
0.991793 0.124064 -0.0308984 -150.433 -0.124143 0.992264 -0.000645294 5.90309 0.0305793 0.00447581 0.999522 0.742313
0.99185 0.123685 -0.0305918 -152.191 -0.123765 0.992311 -0.000742914 6.12408 0.0302647 0.00452306 0.999532 0.729167
0.991974 0.123088 -0.0289285 -153.93 -0.123083 0.992394 0.00193891 6.36114 0.0289472 0.00163727 0.99958 0.728292
0.991903 0.12278 -0.0324487 -155.665 -0.122722 0.992434 0.00376523 6.58626 0.0326655 0.000247433 0.999466 0.726314
0.991986 0.12233 -0.0316018 -157.383 -0.122247 0.992489 0.00457166 6.79597 0.0319237 -0.000671817 0.99949 0.721669
0.992124 0.121754 -0.0294291 -159.09 -0.121673 0.99256 0.00453419 7.01175 0.0297622 -0.000917742 0.999557 0.709524
0.992158 0.121249 -0.0303541 -160.781 -0.121173 0.992622 0.00433076 7.22294 0.0306552 -0.000618715 0.99953 0.707036
0.992067 0.121275 -0.0330855 -162.487 -0.121182 0.992619 0.00479841 7.42594 0.0334232 -0.000750964 0.999441 0.685673
0.992059 0.120792 -0.0350592 -164.154 -0.120667 0.992677 0.00565842 7.6346 0.035486 -0.001383 0.999369 0.676517
0.992157 0.120351 -0.0337657 -165.824 -0.120254 0.992731 0.00489276 7.83691 0.0341091 -0.000793932 0.999418 0.661173
0.992223 0.120029 -0.0329739 -167.457 -0.119914 0.992769 0.00543476 8.05219 0.0333878 -0.00143845 0.999441 0.650302
0.992255 0.119927 -0.0323805 -169.104 -0.119796 0.992781 0.00596926 8.25903 0.0328627 -0.00204398 0.999458 0.640254
0.992373 0.119774 -0.0291536 -170.714 -0.119628 0.992796 0.00671345 8.46111 0.0297477 -0.00317466 0.999552 0.634852
0.992368 0.119741 -0.0294539 -172.33 -0.11961 0.992802 0.00619613 8.65842 0.0299838 -0.00262587 0.999547 0.634673
0.992366 0.119075 -0.0320977 -173.929 -0.119009 0.992885 0.00395425 8.85001 0.0323402 -0.000104144 0.999477 0.620622
0.992343 0.118945 -0.0332858 -175.503 -0.118915 0.9929 0.00286992 9.03977 0.0333908 0.00111024 0.999442 0.612208
0.9924 0.118754 -0.0322349 -177.081 -0.118782 0.99292 0.00107009 9.2316 0.0321337 0.00276695 0.99948 0.603588
0.992543 0.118363 -0.0291414 -178.643 -0.118401 0.992966 0.000418498 9.42476 0.0289859 0.00303499 0.999575 0.598992
0.992669 0.117833 -0.0268929 -180.2 -0.11792 0.993022 -0.00166422 9.60193 0.0265091 0.00482324 0.999637 0.595815
0.99276 0.116881 -0.0276743 -181.778 -0.117097 0.9931 -0.00632259 9.7846 0.0267444 0.00951741 0.999597 0.604232
0.99316 0.116324 -0.0100813 -183.326 -0.116385 0.993188 -0.00563842 9.96727 0.00935675 0.00677316 0.999933 0.596649
0.993161 0.116454 -0.00833313 -184.874 -0.116413 0.993187 0.00519763 10.1811 0.00888164 -0.004192 0.999952 0.618373
0.991811 0.117158 -0.0508449 -186.493 -0.117012 0.993113 0.00584664 10.3727 0.0511797 0.000150699 0.998689 0.594474
0.991042 0.118093 -0.0623744 -188.102 -0.117815 0.993002 0.00812732 10.5714 0.0628977 -0.00070587 0.99802 0.55988
0.992696 0.119787 -0.0143321 -189.649 -0.119823 0.992794 -0.00166512 10.7535 0.0140294 0.00337028 0.999896 0.559824
0.99265 0.120289 -0.0133062 -191.24 -0.120264 0.992738 0.00262257 10.9637 0.013525 -0.00100303 0.999908 0.547221
0.991853 0.121993 -0.0366889 -192.873 -0.121724 0.992519 0.00947316 11.1837 0.0375701 -0.00493005 0.999282 0.538003
0.991834 0.122269 -0.0362758 -194.49 -0.122109 0.992495 0.0065844 11.3654 0.0368086 -0.00210102 0.99932 0.539339
0.992266 0.121506 -0.0253978 -196.117 -0.121342 0.992579 0.0079145 11.575 0.026171 -0.00477146 0.999646 0.496028
0.991982 0.122189 -0.0322593 -197.77 -0.121889 0.992481 0.0111199 11.7982 0.0333755 -0.0070987 0.999418 0.502764
0.992253 0.122031 -0.0233065 -199.419 -0.121793 0.99249 0.011386 11.9904 0.0245209 -0.00845921 0.999664 0.48661
0.992337 0.121922 -0.020071 -201.063 -0.12171 0.9925 0.0114402 12.1927 0.0213153 -0.00890972 0.999733 0.484511
0.992095 0.12184 -0.030044 -202.736 -0.121514 0.992512 0.0124572 12.4115 0.0313368 -0.008708 0.999471 0.491007
0.991976 0.122372 -0.0317575 -204.414 -0.122133 0.992469 0.00937437 12.6016 0.0326655 -0.00542051 0.999452 0.481848
0.992033 0.122027 -0.031307 -206.058 -0.121795 0.992513 0.00920538 12.8067 0.0321959 -0.00531899 0.999467 0.46152
0.991955 0.122597 -0.0315619 -207.704 -0.12239 0.992446 0.00842133 13.0082 0.0323559 -0.00449072 0.999466 0.451409
0.992001 0.122463 -0.0305932 -209.321 -0.122259 0.992462 0.00848739 13.2081 0.031402 -0.00467922 0.999496 0.449392
0.992023 0.12258 -0.0294203 -210.928 -0.12237 0.992445 0.00883814 13.4132 0.0302814 -0.00516748 0.999528 0.42843
0.991958 0.122591 -0.0314636 -212.536 -0.122317 0.992435 0.0105046 13.6184 0.0325133 -0.00657161 0.99945 0.425296
0.991918 0.123026 -0.0310217 -214.114 -0.122758 0.992382 0.0103979 13.8199 0.0320646 -0.00650568 0.999465 0.425745
0.992052 0.123029 -0.0263956 -215.676 -0.122828 0.992386 0.00910528 14.0125 0.0273149 -0.0057908 0.99961 0.414303
0.991936 0.123044 -0.0303789 -217.23 -0.122778 0.992379 0.0104665 14.2267 0.0314352 -0.00665219 0.999484 0.39692
0.991821 0.12313 -0.0336283 -218.777 -0.122826 0.992368 0.0109569 14.4252 0.0347207 -0.00673685 0.999374 0.396948
0.992192 0.123467 -0.0176259 -220.288 -0.123331 0.992328 0.00861423 14.6069 0.0185543 -0.00637315 0.999808 0.407073
0.992285 0.123844 -0.00581851 -222.534 -0.123738 0.992186 0.016003 14.9078 0.00775492 -0.0151596 0.999855 0.43348
0.990539 0.124342 -0.0580606 -224.085 -0.123779 0.992222 0.0132146 15.0876 0.0592521 -0.00590291 0.998226 0.395898
0.990184 0.125663 -0.0611905 -225.585 -0.12494 0.992043 0.0155195 15.2965 0.0626538 -0.00772205 0.998005 0.373201
0.991888 0.126282 -0.0145452 -227.064 -0.126138 0.991958 0.0104267 15.4757 0.0157449 -0.00850743 0.99984 0.374841
0.991908 0.125641 -0.0182214 -228.591 -0.125472 0.992045 0.010152 15.6673 0.0193519 -0.00778361 0.999782 0.340973
0.991344 0.125749 -0.0377345 -230.131 -0.12528 0.992015 0.0145575 15.8722 0.0392638 -0.0097041 0.999182 0.342853
0.991539 0.125797 -0.0320304 -231.662 -0.125349 0.99199 0.0156319 16.0861 0.0337403 -0.0114846 0.999365 0.333547
0.991818 0.125729 -0.0221061 -233.189 -0.125488 0.992023 0.0119426 16.2804 0.0234313 -0.00907083 0.999684 0.337007
0.991881 0.125487 -0.0206147 -234.734 -0.12533 0.992076 0.00876579 16.4573 0.0215514 -0.00611098 0.999749 0.335418
0.991767 0.125363 -0.026111 -236.294 -0.125221 0.992104 0.00702582 16.6577 0.0267856 -0.00369833 0.999634 0.331449
0.991578 0.125252 -0.0329442 -237.842 -0.125099 0.992122 0.00668042 16.845 0.0335214 -0.00250288 0.999435 0.324724
0.991681 0.125059 -0.0304805 -239.388 -0.124955 0.992148 0.00528435 17.0447 0.030902 -0.0014317 0.999521 0.31093
0.991826 0.124419 -0.0283044 -240.939 -0.124281 0.992225 0.00658446 17.2449 0.0289036 -0.00301294 0.999578 0.302349
0.991758 0.124015 -0.0321862 -242.519 -0.123821 0.992272 0.00798127 17.4517 0.0329272 -0.00393017 0.99945 0.293686
0.991793 0.124023 -0.0310524 -244.091 -0.123775 0.992262 0.00979914 17.6499 0.0320274 -0.00587521 0.99947 0.278568
0.991912 0.123849 -0.0277931 -245.656 -0.123555 0.992264 0.0120592 17.8562 0.0290716 -0.00852764 0.999541 0.281243
0.992047 0.123649 -0.0235297 -247.222 -0.123433 0.992298 0.0104384 18.0496 0.0246391 -0.007451 0.999669 0.275111
0.992075 0.122994 -0.0256957 -248.774 -0.122761 0.992381 0.0104432 18.2455 0.0267843 -0.00720599 0.999615 0.280011
0.992109 0.122241 -0.0278865 -251.072 -0.121993 0.992476 0.0104217 18.5327 0.0289506 -0.00693752 0.999557 0.273992
0.992203 0.121366 -0.0283516 -252.585 -0.121095 0.992579 0.0110801 18.7211 0.029486 -0.0075605 0.999537 0.268395
0.992357 0.119947 -0.0289956 -254.091 -0.119629 0.99274 0.0124657 18.916 0.0302803 -0.00890177 0.999502 0.262983
0.992399 0.119176 -0.0306724 -255.561 -0.118808 0.992824 0.0135882 19.0924 0.0320717 -0.0098408 0.999437 0.258587
0.992647 0.117779 -0.0279123 -257.059 -0.117435 0.992986 0.0136796 19.2731 0.0293277 -0.0103011 0.999517 0.253928
0.992828 0.116842 -0.025301 -258.527 -0.116515 0.99309 0.0140331 19.4559 0.0267658 -0.0109846 0.999581 0.250439
0.992847 0.115988 -0.02832 -259.979 -0.115601 0.993183 0.0149455 19.6218 0.0298604 -0.0115648 0.999487 0.247921
0.992909 0.115309 -0.0289059 -261.424 -0.114914 0.993263 0.0149655 19.7841 0.0304368 -0.0115377 0.99947 0.252547
0.993261 0.11447 -0.018147 -262.853 -0.114231 0.993359 0.0137251 19.9398 0.0195976 -0.0115596 0.999741 0.259768
0.993332 0.113535 0.020021 -264.225 -0.113902 0.993324 0.0182741 20.1201 -0.0178126 -0.0204327 0.999633 0.293088
0.993476 0.113427 0.0117953 -265.596 -0.1137 0.993177 0.0259161 20.3114 -0.00877522 -0.0270882 0.999595 0.328834
0.991125 0.114912 -0.0668265 -267.781 -0.113425 0.993215 0.0256511 20.5619 0.0693207 -0.0178437 0.997435 0.28832
0.991395 0.116796 -0.0591128 -269.18 -0.115347 0.992948 0.0273594 20.7277 0.0618914 -0.0203055 0.997876 0.269978
0.99329 0.115549 -0.00481963 -271.273 -0.115479 0.993225 0.0129679 20.9624 0.0062854 -0.0123243 0.999904 0.272501
0.993407 0.114113 -0.0109572 -272.706 -0.113935 0.993364 0.015721 21.1423 0.0126785 -0.0143689 0.999816 0.249537
0.99331 0.112854 -0.0244721 -274.858 -0.112451 0.993507 0.0172571 21.3874 0.0262607 -0.0143897 0.999552 0.276924
0.993731 0.110457 -0.0172447 -276.302 -0.11014 0.993747 0.0183414 21.5569 0.0191628 -0.0163271 0.999683 0.271332
0.994169 0.106453 -0.0172 -278.467 -0.106143 0.994187 0.0180659 21.7926 0.0190232 -0.0161349 0.999689 0.291327
0.994587 0.103151 -0.0124754 -279.924 -0.10296 0.994571 0.0150691 21.9445 0.0139621 -0.013703 0.999809 0.312072
0.994933 0.0996653 -0.0132044 -281.369 -0.0994764 0.994938 0.0142613 22.0889 0.0145589 -0.0128755 0.999811 0.320162
0.995322 0.0947114 -0.0190983 -283.572 -0.0944843 0.995448 0.0124646 22.2951 0.0201919 -0.0106018 0.99974 0.335876
0.995647 0.0911624 -0.0194132 -285.048 -0.0909222 0.995774 0.0129148 22.4348 0.0205085 -0.0110935 0.999728 0.330833
0.99612 0.086032 -0.0185393 -287.252 -0.085799 0.996227 0.0130187 22.6231 0.0195894 -0.0113776 0.999743 0.347658
0.996428 0.0827384 -0.0169215 -288.746 -0.08252 0.996502 0.013223 22.7555 0.0179564 -0.0117794 0.999769 0.351238
0.996704 0.0793154 -0.0170345 -290.24 -0.079115 0.996792 0.0121347 22.8702 0.0179423 -0.010747 0.999781 0.365914
0.996924 0.0764242 -0.0173818 -291.727 -0.0762468 0.997032 0.0106498 22.9878 0.0181441 -0.00929169 0.999792 0.373562
0.997068 0.0744627 -0.0176507 -293.241 -0.0742688 0.997173 0.0113982 23.1001 0.0184495 -0.0100539 0.999779 0.38145
0.997187 0.0722935 -0.0197999 -294.753 -0.0720514 0.99732 0.0126794 23.2318 0.0206635 -0.0112171 0.999724 0.379582
0.997415 0.0696214 -0.0177846 -296.259 -0.0694268 0.997523 0.0113362 23.3273 0.0185297 -0.0100722 0.999778 0.40126
0.997816 0.0655916 -0.0078275 -297.772 -0.065507 0.997796 0.0106131 23.4244 0.00850637 -0.0100772 0.999913 0.408713
0.998022 0.0612822 -0.0140167 -299.294 -0.0611327 0.998071 0.0108567 23.5278 0.0146549 -0.00997834 0.999843 0.434359
0.998405 0.0543221 -0.0153821 -301.596 -0.0541754 0.998483 0.00980358 23.6469 0.0158913 -0.00895462 0.999834 0.452444
0.998699 0.0501117 -0.00941879 -303.107 -0.0500152 0.998696 0.010215 23.7309 0.0099184 -0.00973061 0.999903 0.470583
0.998844 0.0457875 -0.0146501 -304.624 -0.0456591 0.998917 0.00898384 23.7922 0.0150456 -0.00830454 0.999852 0.489392
0.998994 0.041596 -0.0167828 -306.146 -0.0414479 0.999099 0.00907872 23.8509 0.0171453 -0.00837397 0.999818 0.503157
0.999261 0.0353986 -0.0149486 -308.38 -0.0352588 0.999333 0.00951748 23.9377 0.0152755 -0.00898339 0.999843 0.519086
0.999339 0.032083 -0.0170778 -309.845 -0.0318856 0.999423 0.0117104 23.9807 0.0174436 -0.0111581 0.999786 0.54051
0.999374 0.0325961 -0.0137871 -311.318 -0.0324848 0.999438 0.00822217 24.0343 0.0140474 -0.00776915 0.999871 0.571499
0.999463 0.0325578 -0.00362284 -312.773 -0.0325323 0.999447 0.00688715 24.0747 0.00384507 -0.00676559 0.99997 0.580735
0.999426 0.0337409 0.00317153 -314.226 -0.0337603 0.99941 0.00628574 24.1304 -0.00295758 -0.0063892 0.999975 0.631288
0.999048 0.0338399 0.0275287 -315.656 -0.0340602 0.999391 0.00757278 24.1883 -0.0272557 -0.00850321 0.999592 0.688883
0.999149 0.0341748 -0.0230865 -317.906 -0.0339573 0.999376 0.00974616 24.2729 0.0234051 -0.00895391 0.999686 0.727219
0.996778 0.0356215 -0.0718694 -319.403 -0.0347965 0.999314 0.0126997 24.3334 0.0722725 -0.0101579 0.997333 0.712549
0.998814 0.0362965 -0.0324477 -320.811 -0.0360788 0.999322 0.00727137 24.3844 0.0326896 -0.00609208 0.999447 0.720855
0.999277 0.0359145 0.0124745 -322.244 -0.0359837 0.999338 0.00536951 24.4345 -0.0122734 -0.00581451 0.999908 0.717384
0.999338 0.0360582 -0.00480962 -323.739 -0.0360456 0.999347 0.00266275 24.4884 0.00490249 -0.00248762 0.999985 0.745015
0.999344 0.0359061 -0.00477896 -325.199 -0.0359091 0.999355 -0.000535161 24.523 0.00475666 0.000706418 0.999988 0.785787
0.999398 0.0345842 0.00260977 -326.665 -0.0345831 0.999402 -0.000455498 24.5737 -0.00262396 0.00036497 0.999996 0.809089
0.999416 0.0329969 -0.00885217 -328.166 -0.0329951 0.999455 0.00034663 24.6288 0.00885879 -5.435e-05 0.999961 0.821041
0.999404 0.0307483 -0.0156852 -329.681 -0.0307251 0.999526 0.00171711 24.6696 0.0157306 -0.00123415 0.999876 0.840807
0.999529 0.0278157 -0.0129283 -331.195 -0.0277803 0.99961 0.00290796 24.7093 0.0130042 -0.00254744 0.999912 0.854768
0.999628 0.025064 -0.0107502 -332.714 -0.0250167 0.999677 0.00451136 24.7583 0.0108598 -0.00424075 0.999932 0.860931
0.999685 0.0214082 -0.0130691 -334.259 -0.0212855 0.999729 0.00945807 24.8004 0.0132681 -0.00917691 0.99987 0.878492
0.999754 0.0193549 -0.0107998 -335.774 -0.0192323 0.999751 0.0113454 24.8283 0.0110167 -0.0111349 0.999877 0.902481
0.999865 0.016302 -0.002158 -337.322 -0.0162776 0.999808 0.0108846 24.8489 0.00233503 -0.010848 0.999938 0.94135
0.99991 0.0134455 0.000242166 -338.884 -0.013447 0.99988 0.00762899 24.8639 -0.000139561 -0.00763156 0.999971 0.974294
0.999938 0.0107175 -0.00294769 -340.458 -0.0107083 0.999938 0.00311295 24.8739 0.00298087 -0.00308119 0.999991 1.00528
0.999943 0.00748803 -0.00760445 -342.058 -0.00747993 0.999971 0.0010934 24.8858 0.00761242 -0.00103645 0.99997 1.02713
0.999949 0.00674783 -0.00744796 -343.647 -0.00675169 0.999977 -0.000492853 24.8894 0.00744446 0.000543115 0.999972 1.05027
0.999966 0.00711658 -0.00416401 -345.258 -0.00711885 0.999975 -0.00052981 24.9105 0.00416013 0.000559434 0.999991 1.07351
0.999969 0.00715773 -0.00313537 -346.859 -0.00715833 0.999974 -0.000178208 24.9228 0.00313401 0.000200647 0.999995 1.10211
0.999972 0.0066059 -0.00352603 -348.463 -0.00661195 0.999977 -0.0017082 24.9359 0.00351467 0.00173147 0.999992 1.13696
0.999973 0.00547456 -0.00499298 -350.107 -0.00547823 0.999985 -0.000722 24.9572 0.00498895 0.000749333 0.999987 1.15834
0.999947 0.00428413 -0.00931055 -351.75 -0.00427025 0.99999 0.00151038 24.9625 0.00931692 -0.00147054 0.999956 1.18744
0.999955 0.00337015 -0.00883567 -353.394 -0.00335562 0.999993 0.00165904 24.969 0.0088412 -0.00162931 0.99996 1.22001
0.999998 0.00180156 -0.000276485 -355.033 -0.00180112 0.999997 0.00159525 24.9853 0.000279358 -0.00159474 0.999999 1.24683
0.999995 0.0010883 -0.00300914 -356.693 -0.00108433 0.999999 0.0013196 24.9801 0.00301057 -0.00131633 0.999995 1.28233
0.999985 0.00116212 -0.00534317 -358.358 -0.00115392 0.999998 0.00153745 24.9897 0.00534494 -0.00153127 0.999985 1.30919
0.999981 0.00126454 -0.00599619 -360.03 -0.00124863 0.999996 0.00265531 24.9996 0.00599952 -0.00264777 0.999978 1.33971
0.999996 0.00162416 -0.00221741 -362.552 -0.00161769 0.999994 0.00291317 24.9928 0.00222213 -0.00290957 0.999993 1.3892
0.999999 0.00154992 0.00045083 -364.244 -0.00155064 0.999998 0.00159133 24.9923 -0.000448363 -0.00159203 0.999999 1.42672
0.999993 0.00113021 -0.00369196 -365.954 -0.00112606 0.999999 0.00112517 24.9849 0.00369323 -0.00112101 0.999993 1.4574
0.999964 0.000717984 -0.00847995 -367.672 -0.000684094 0.999992 0.00399871 24.9941 0.00848275 -0.00399277 0.999956 1.48392
0.999992 0.000501015 -0.00404284 -369.388 -0.000478437 0.999984 0.00558358 25.0053 0.00404557 -0.0055816 0.999976 1.52179
0.999966 -0.000744611 0.00823438 -371.985 0.000710324 0.999991 0.004166 25.0068 -0.00823741 -0.00416 0.999957 1.5866
0.99912 -0.00209773 0.0418951 -373.689 0.00166531 0.999945 0.0103539 25.0105 -0.0419145 -0.010275 0.999068 1.66983
0.999836 -0.00404687 0.0176491 -375.424 0.00385705 0.999934 0.0107762 25.0189 -0.0176916 -0.0107064 0.999786 1.71778
0.998072 -0.00597873 -0.061786 -377.247 0.00657316 0.999934 0.00942201 25.0136 0.0617255 -0.00980997 0.998045 1.73625
0.999092 -0.00613622 -0.0421535 -378.989 0.00644498 0.999953 0.00719271 25.0265 0.0421074 -0.00745786 0.999085 1.73088
0.999703 -0.00839686 0.0228636 -380.685 0.00822845 0.999938 0.00745003 24.9911 -0.0229248 -0.00725968 0.999711 1.73901
0.999937 -0.0108018 -0.00320669 -382.471 0.0108298 0.999902 0.0088452 24.9797 0.00311083 -0.00887937 0.999956 1.77609
0.999815 -0.011473 -0.0154249 -384.276 0.0116358 0.999877 0.0105059 24.9661 0.0153025 -0.0106834 0.999826 1.80764
0.999912 -0.0131695 0.00178745 -386.044 0.0131501 0.999859 0.0104405 24.9466 -0.0019247 -0.010416 0.999944 1.84899
0.99988 -0.0150213 0.00386299 -387.842 0.0149843 0.999843 0.00945967 24.909 -0.00400448 -0.00940065 0.999948 1.88981
0.999823 -0.0169568 -0.00816032 -389.645 0.0170288 0.999816 0.00884207 24.8932 0.00800889 -0.00897946 0.999928 1.92126
0.999791 -0.0183374 -0.00903012 -391.43 0.0184277 0.99978 0.0100164 24.865 0.00884445 -0.0101808 0.999909 1.96259
0.999802 -0.0198753 -7.35591e-05 -393.191 0.019875 0.999749 0.0103619 24.8312 -0.000132406 -0.0103614 0.999946 2.00315
0.999772 -0.0213224 -0.000840548 -394.94 0.0213296 0.999725 0.00972783 24.7995 0.000632896 -0.00974354 0.999952 2.03618
0.999711 -0.0230015 -0.00698048 -396.663 0.0230735 0.99968 0.0104069 24.7669 0.00673887 -0.010565 0.999921 2.07835
0.999669 -0.0250164 -0.00595651 -398.364 0.0251007 0.999579 0.0145301 24.738 0.00559051 -0.0146748 0.999877 2.11192
0.999559 -0.0293499 0.00446018 -400.891 0.0292838 0.99947 0.014216 24.6586 -0.00487506 -0.0140792 0.999889 2.19029
0.999463 -0.0327213 0.00179952 -402.571 0.0326927 0.999366 0.0141175 24.6068 -0.00226032 -0.0140511 0.999899 2.22944
0.999344 -0.0361325 -0.00237448 -404.264 0.036162 0.99925 0.0138746 24.5534 0.00187137 -0.0139514 0.999901 2.26809
0.999213 -0.0396638 -0.000578243 -405.915 0.039668 0.999108 0.0144918 24.488 2.92785e-06 -0.0145033 0.999895 2.31017
0.999061 -0.0433202 0.000627004 -407.574 0.0433048 0.998936 0.0158876 24.4093 -0.00131459 -0.0158456 0.999874 2.34711
0.998894 -0.0470158 0.000881507 -409.233 0.0469968 0.998778 0.0153136 24.3348 -0.00160041 -0.0152552 0.999882 2.40771
0.998675 -0.050748 0.00850776 -410.905 0.0506006 0.998579 0.0167305 24.2473 -0.00934471 -0.0162779 0.999824 2.42701
0.998353 -0.0536283 0.0203961 -412.538 0.0530534 0.998206 0.0277547 24.1892 -0.0218479 -0.0266269 0.999407 2.51655
0.998356 -0.0569406 0.00654711 -414.193 0.0567966 0.998177 0.0204065 24.093 -0.00769713 -0.0200011 0.99977 2.59033
0.997889 -0.0598227 -0.025283 -415.891 0.0601861 0.998091 0.0138629 23.986 0.0244054 -0.0153554 0.999584 2.59048
0.997898 -0.0602312 -0.0239182 -417.542 0.0605607 0.998076 0.0132953 23.8728 0.0230714 -0.0147158 0.999626 2.62206
0.998006 -0.0623757 0.00965961 -419.199 0.0622406 0.997967 0.0137139 23.7644 -0.0104954 -0.0130853 0.999859 2.65202
0.997846 -0.0652549 0.00676818 -420.879 0.0651565 0.997779 0.0138556 23.6738 -0.00765729 -0.0133847 0.999881 2.68078
0.99771 -0.0671161 -0.00840026 -422.56 0.0672263 0.997645 0.0136061 23.566 0.0074673 -0.0141396 0.999872 2.71634
0.997503 -0.0699163 -0.00993947 -424.249 0.0700603 0.997431 0.0149566 23.444 0.00886822 -0.0156156 0.999839 2.74576
0.997278 -0.0736053 -0.00437253 -425.93 0.073674 0.997112 0.0184484 23.3292 0.00300201 -0.0187203 0.99982 2.77558
0.997013 -0.0767602 -0.0085983 -427.622 0.0769142 0.996851 0.0192947 23.2091 0.00709016 -0.0198984 0.999777 2.80678
0.996762 -0.0798951 -0.00906196 -429.326 0.0800606 0.996596 0.0196643 23.0795 0.00746003 -0.0203261 0.999766 2.83588
0.996485 -0.0833804 0.00808622 -431.004 0.0831903 0.996301 0.0215301 22.9357 -0.0098515 -0.0207818 0.999735 2.8877
0.996135 -0.0873145 0.00953256 -432.679 0.0871271 0.996024 0.0185651 22.7942 -0.0111157 -0.0176628 0.999782 2.94392
0.995865 -0.0905794 -0.00688027 -434.363 0.0906639 0.995795 0.0131597 22.6397 0.00565934 -0.0137291 0.99989 2.99397
0.995543 -0.0939748 -0.00798856 -435.99 0.0940711 0.995485 0.0126778 22.4876 0.00676109 -0.0133728 0.999888 3.0261
0.995274 -0.0970315 -0.00391727 -437.614 0.0970723 0.995204 0.0120941 22.3249 0.00272497 -0.0124172 0.999919 3.05746
0.994922 -0.100503 -0.00532267 -439.216 0.100567 0.994838 0.0135457 22.1713 0.0039338 -0.0140122 0.999894 3.09097
0.994635 -0.103327 -0.0048854 -440.79 0.103381 0.994563 0.0124997 21.9971 0.00356728 -0.0129377 0.99991 3.14556
0.994252 -0.107017 0.00324716 -442.345 0.106965 0.994173 0.0133735 21.8351 -0.00465943 -0.0129493 0.999905 3.1756
0.993926 -0.110047 -0.00118604 -443.901 0.110053 0.993822 0.014374 21.6774 -0.000403111 -0.0144172 0.999896 3.20961
0.993636 -0.112396 -0.00743879 -445.415 0.112483 0.993574 0.0125875 21.4946 0.0059762 -0.0133441 0.999893 3.27473
0.992959 -0.115558 0.0260445 -446.881 0.114958 0.993093 0.0234552 21.3193 -0.0285751 -0.020296 0.999386 3.31987
0.992149 -0.119147 0.0380009 -448.345 0.118099 0.992586 0.0287182 21.1813 -0.0411408 -0.0240049 0.998865 3.41143
0.992395 -0.122471 -0.0123884 -449.886 0.122678 0.992289 0.01766 20.9944 0.01013 -0.0190455 0.999767 3.42424
0.99066 -0.125178 -0.0540618 -451.392 0.126044 0.99194 0.0129222 20.806 0.0520085 -0.0196157 0.998454 3.4295
0.99142 -0.127729 -0.0277887 -452.836 0.128156 0.991653 0.0141472 20.6101 0.0257498 -0.0175871 0.999514 3.44591
0.991337 -0.130722 0.0127382 -454.279 0.130494 0.991297 0.0173394 20.4167 -0.014894 -0.0155269 0.999769 3.47451
0.991017 -0.133652 0.00479564 -455.78 0.133564 0.990919 0.0154659 20.2232 -0.00681915 -0.0146864 0.999869 3.48631
0.990621 -0.135755 -0.0155321 -457.287 0.136008 0.990569 0.0165781 20.0239 0.013135 -0.0185351 0.999742 3.52295
0.990335 -0.138498 -0.00747949 -458.78 0.138605 0.99021 0.0165128 19.8068 0.00511929 -0.0173898 0.999836 3.56263
0.989863 -0.142021 0.000730939 -460.272 0.141984 0.989701 0.0182296 19.6029 -0.0033124 -0.0179411 0.999834 3.5776
0.989493 -0.144337 -0.00841168 -461.805 0.144462 0.989368 0.0168132 19.3835 0.00589546 -0.0178518 0.999823 3.61746
0.989081 -0.147219 -0.00673779 -463.326 0.147311 0.988959 0.0160876 19.1528 0.00429499 -0.0169045 0.999848 3.65328
0.988605 -0.150536 0.000126158 -464.829 0.150508 0.988441 0.0181892 18.9269 -0.00286283 -0.017963 0.999835 3.68432
0.988216 -0.15299 -0.00474664 -466.356 0.153049 0.988074 0.0169156 18.6935 0.00210213 -0.0174427 0.999846 3.71605
0.987711 -0.15612 -0.00732036 -467.881 0.156216 0.987606 0.015224 18.4415 0.00485286 -0.0161805 0.999857 3.75466
0.987234 -0.159223 -0.00403668 -469.396 0.159267 0.987104 0.016123 18.2054 0.00141747 -0.0165601 0.999862 3.78426
0.986656 -0.162648 -0.00742736 -470.938 0.162746 0.986549 0.0153124 17.9565 0.00483693 -0.0163169 0.999855 3.81963
0.986179 -0.165423 -0.00933281 -472.446 0.165546 0.986097 0.0144005 17.6972 0.00682089 -0.0157464 0.999853 3.85484
0.985667 -0.168563 -0.00688651 -473.94 0.168653 0.985549 0.0157881 17.4386 0.00412571 -0.0167232 0.999852 3.87724
0.985156 -0.171383 -0.00974861 -475.415 0.171522 0.985052 0.0159004 17.1778 0.00687784 -0.0173365 0.999826 3.91292
0.984731 -0.173993 -0.00552635 -476.86 0.174042 0.984686 0.0101759 16.9109 0.00367119 -0.0109823 0.999933 3.97832
0.983948 -0.177555 0.0179082 -478.287 0.177247 0.98401 0.0175235 16.6566 -0.0207332 -0.014068 0.999686 4.00114
0.983184 -0.180238 0.0293952 -479.676 0.179427 0.983366 0.028247 16.4248 -0.0339974 -0.0224977 0.999169 4.08167
0.983107 -0.182546 -0.0133053 -481.143 0.1828 0.982918 0.0213654 16.1524 0.00917782 -0.0234367 0.999683 4.07436
0.980755 -0.185566 -0.060703 -482.586 0.186655 0.982343 0.0127385 15.8727 0.0572674 -0.0238239 0.998075 4.10863
0.981491 -0.18851 -0.0337597 -483.962 0.189122 0.981824 0.0159313 15.6011 0.0301428 -0.0220211 0.999303 4.09528
0.9816 -0.190948 -0.00101975 -485.344 0.190923 0.981352 0.0222653 15.337 -0.00325079 -0.0220503 0.999752 4.11682
0.980974 -0.194022 -0.00670505 -486.785 0.194113 0.980815 0.0179511 15.0482 0.00309351 -0.0189111 0.999816 4.12737
0.980423 -0.196594 -0.0110386 -488.211 0.196767 0.98029 0.0177261 14.7605 0.00733622 -0.0195511 0.999782 4.15907
0.980079 -0.198553 -0.00461182 -489.656 0.198606 0.979892 0.0191813 14.4682 0.000710584 -0.0197151 0.999805 4.19317
0.979832 -0.199825 -0.000347604 -491.087 0.199804 0.979699 0.0163755 14.1725 -0.00293169 -0.0161147 0.999866 4.23624
0.979732 -0.200307 0.00166166 -492.548 0.200264 0.979639 0.0142058 13.8633 -0.00447335 -0.0135851 0.999898 4.2703
0.979613 -0.200893 -0.000859963 -494.024 0.200885 0.979508 0.0144447 13.5631 -0.0020595 -0.0143229 0.999895 4.29934
0.979484 -0.201468 -0.00455299 -495.493 0.201515 0.979368 0.0151511 13.2646 0.00140659 -0.0157578 0.999875 4.33921
0.979334 -0.202247 -0.000860852 -496.956 0.202238 0.979231 0.0143333 12.9624 -0.0020559 -0.0142112 0.999897 4.38383
0.979079 -0.203479 0.000658527 -498.426 0.203447 0.978972 0.0149285 12.6557 -0.00368232 -0.0144822 0.999888 4.41698
0.978789 -0.204831 -0.00412626 -499.925 0.20487 0.978684 0.0143525 12.342 0.00109847 -0.0148934 0.999888 4.45473
0.978369 -0.206756 -0.00679873 -501.429 0.206835 0.978268 0.0145165 12.0319 0.00364961 -0.0156087 0.999872 4.48359
0.977683 -0.209978 -0.00676722 -502.93 0.210063 0.977551 0.0163805 11.7179 0.00317576 -0.0174364 0.999843 4.51559
0.976835 -0.213913 -0.00586324 -504.431 0.213981 0.976706 0.0160159 11.3867 0.00230066 -0.0168995 0.999855 4.54842
0.975941 -0.217899 -0.00766515 -505.973 0.218002 0.975795 0.0173071 11.0452 0.00370842 -0.0185617 0.999821 4.57937
0.975271 -0.220878 -0.00775076 -507.503 0.22098 0.975133 0.0168127 10.6925 0.00384446 -0.0181097 0.999829 4.61173
0.97481 -0.222948 -0.00631018 -509.027 0.223027 0.974644 0.0180894 10.3445 0.00211718 -0.0190411 0.999816 4.64217
0.974374 -0.224868 -0.00555402 -510.567 0.224932 0.974204 0.0182222 9.9859 0.00131316 -0.0190045 0.999819 4.67387
0.973957 -0.226634 -0.00674811 -512.131 0.226723 0.973773 0.0190416 9.62828 0.00225567 -0.0200756 0.999796 4.70934
0.973627 -0.228051 -0.0065124 -513.689 0.228136 0.973438 0.0192931 9.26871 0.00193961 -0.02027 0.999793 4.74904
0.973179 -0.229986 -0.00538274 -515.255 0.230048 0.972972 0.020077 8.9029 0.000619828 -0.0207768 0.999784 4.78346
0.972667 -0.231936 -0.0111831 -516.819 0.232118 0.972494 0.0193891 8.52566 0.00637849 -0.0214549 0.999749 4.80938
0.972091 -0.234081 -0.0156312 -518.389 0.234358 0.971962 0.0191573 8.15214 0.0107085 -0.022286 0.999694 4.8412
0.971597 -0.236317 -0.0124222 -519.917 0.236526 0.971431 0.019451 7.7758 0.00747072 -0.0218367 0.999734 4.8742
0.970776 -0.239568 -0.0141759 -521.471 0.239854 0.970511 0.0240648 7.40223 0.00799269 -0.0267617 0.99961 4.88494
0.969934 -0.242483 -0.020759 -522.983 0.24297 0.969697 0.0255551 7.03653 0.0139333 -0.0298305 0.999458 4.92512
0.969111 -0.24617 -0.0149948 -524.476 0.246504 0.968753 0.0274528 6.6606 0.00776817 -0.030301 0.999511 4.95601
0.968292 -0.249671 -0.00866353 -525.937 0.249814 0.967953 0.0256895 6.27954 0.00197196 -0.0270392 0.999632 5.01543
0.967294 -0.253654 0.00108046 -527.408 0.253589 0.967128 0.0188698 5.88292 -0.00583134 -0.0179787 0.999821 5.06092
0.966024 -0.258452 -0.000644474 -528.86 0.258419 0.965855 0.0185564 5.49122 -0.00417347 -0.0180925 0.999828 5.07034
0.964948 -0.262125 -0.012901 -530.298 0.262294 0.964889 0.0138212 5.10058 0.00882513 -0.0167206 0.999821 5.1291
0.963852 -0.266354 -0.00678136 -531.715 0.266413 0.963804 0.0103056 4.68526 0.00379097 -0.0117397 0.999924 5.15046
0.962632 -0.2707 -0.00780061 -533.107 0.270789 0.962529 0.0145469 4.30818 0.00357045 -0.0161157 0.999864 5.16305
0.961624 -0.27389 -0.0162081 -534.495 0.274149 0.961541 0.0167642 3.92396 0.0109932 -0.0205642 0.999728 5.20527
0.960774 -0.277311 -0.00352643 -535.85 0.277322 0.960547 0.0209982 3.51244 -0.00243571 -0.0211525 0.999773 5.233
0.959115 -0.281684 0.0274224 -537.173 0.280622 0.959104 0.0370274 3.12796 -0.036731 -0.0278182 0.998938 5.305
0.958211 -0.285202 0.0221716 -538.498 0.284309 0.958041 0.036403 2.74847 -0.0316235 -0.0285781 0.999091 5.39307
