0.651617 -0.758251 -0.0212415 -0.000501768 0.755308 0.651164 -0.0741323 -0.000380402 0.0700426 0.032262 0.997022 0.000430614
0.626049 -0.779292 -0.0276872 0.605572 0.775977 0.626104 -0.0765112 0.798985 0.0769596 0.0264151 0.996684 0.0531886
0.586061 -0.809771 -0.0283585 1.26902 0.806755 0.586418 -0.0725303 1.78292 0.0753628 0.0196288 0.996963 0.122273
0.556431 -0.830384 -0.0291075 1.88596 0.827741 0.557028 -0.0675558 2.74218 0.0723109 0.0134966 0.997291 0.182989
0.536322 -0.843517 -0.0289569 2.43732 0.840901 0.536973 -0.0674232 3.63093 0.0724216 0.0118106 0.997304 0.234634
0.525292 -0.850449 -0.0283873 3.04369 0.847893 0.525943 -0.0667901 4.60137 0.0717316 0.0110149 0.997363 0.294435
0.525862 -0.850035 -0.0301645 3.58743 0.847584 0.526655 -0.0650861 5.45465 0.0712118 0.00865931 0.997424 0.34774
0.528825 -0.848121 -0.032172 4.19189 0.84571 0.529759 -0.0642573 6.38931 0.0715414 0.00677267 0.997415 0.401621
0.530796 -0.846837 -0.0335069 4.75818 0.844454 0.531823 -0.0637332 7.25906 0.0717914 0.00553433 0.997404 0.453935
0.532264 -0.845805 -0.0361927 5.3573 0.842961 0.533453 -0.0696042 8.17085 0.0781786 0.00653874 0.996918 0.508368
0.533888 -0.844721 -0.0375407 6.05117 0.841767 0.53517 -0.0708575 9.23098 0.0799455 0.00622945 0.99678 0.576955
0.535787 -0.843515 -0.0376188 6.76631 0.840413 0.537056 -0.0726472 10.3106 0.0814824 0.00730804 0.996648 0.656326
0.537109 -0.842708 -0.0368402 7.35276 0.839487 0.538297 -0.0741503 11.1919 0.082318 0.00889992 0.996566 0.710068
0.5388 -0.841694 -0.0352943 8.03069 0.838501 0.539857 -0.073962 12.2068 0.0813073 0.0102564 0.996636 0.777314
0.546371 -0.836726 -0.036988 8.81352 0.833723 0.547562 -0.0712939 13.3484 0.0799067 0.00811526 0.996769 0.864821
0.570116 -0.820868 -0.0338307 9.70426 0.817499 0.570905 -0.0759178 14.5344 0.0816326 0.0156254 0.99654 0.943668
0.598503 -0.800483 -0.031967 10.7102 0.79726 0.599057 -0.0742178 15.7763 0.0785601 0.0189336 0.99673 1.02763
0.624222 -0.780644 -0.0306727 11.8154 0.777209 0.624504 -0.0770775 17.0652 0.0793254 0.0242744 0.996553 1.11674
0.643523 -0.764757 -0.032015 13.0189 0.761063 0.643754 -0.0797795 18.4147 0.0816217 0.0269745 0.996298 1.21805
0.658747 -0.751631 -0.0332191 14.3325 0.747746 0.658949 -0.0816172 19.8359 0.0832357 0.0289256 0.99611 1.32602
0.663604 -0.747497 -0.0296327 15.019 0.744039 0.663611 -0.077631 20.5775 0.0776935 0.0294684 0.996542 1.3769
0.665621 -0.745723 -0.0290701 15.7134 0.742402 0.665622 -0.0760669 21.3241 0.0760745 0.0290501 0.996679 1.43859
0.66775 -0.743931 -0.0260234 16.4106 0.740639 0.667486 -0.0769151 22.064 0.0745897 0.0320861 0.996698 1.48482
0.668009 -0.743799 -0.0229801 17.1103 0.74054 0.667488 -0.0778465 22.8129 0.0732411 0.0349845 0.9967 1.53411
0.666518 -0.745129 -0.023162 17.8034 0.741901 0.666035 -0.0773261 23.5621 0.0730446 0.0343553 0.996737 1.6
0.664053 -0.747425 -0.0197335 18.4981 0.744057 0.663197 -0.0809271 24.3185 0.0735741 0.039057 0.996525 1.632
0.66158 -0.749593 -0.0205217 19.1797 0.746119 0.660756 -0.0818963 25.0674 0.0749488 0.0388693 0.99643 1.69815
0.657737 -0.752919 -0.0222503 19.858 0.749461 0.657103 -0.0807678 25.8289 0.0754323 0.0364482 0.996485 1.75337
0.654199 -0.755972 -0.0229959 20.5384 0.75226 0.653532 -0.0836751 26.5886 0.0782846 0.0374413 0.996228 1.80333
0.65112 -0.758613 -0.0234267 21.2178 0.754927 0.650522 -0.0831054 27.3632 0.0782845 0.0364262 0.996265 1.86042
0.647866 -0.76137 -0.0241864 21.8993 0.757782 0.647401 -0.0814817 28.1463 0.077696 0.0344612 0.996381 1.92131
0.644756 -0.76401 -0.0240399 22.5852 0.760446 0.644303 -0.0812065 28.9359 0.0775316 0.0340773 0.996407 1.97401
0.641674 -0.766582 -0.0246352 23.2659 0.763082 0.641318 -0.0801023 29.7299 0.077204 0.0326008 0.996482 2.03663
0.638342 -0.769303 -0.026312 23.9472 0.765808 0.638155 -0.0793492 30.5297 0.0778347 0.030502 0.9965 2.09986
0.635165 -0.771971 -0.0250079 24.6246 0.768415 0.634852 -0.0806302 31.3313 0.0781205 0.031997 0.99643 2.15141
0.632477 -0.77414 -0.026088 25.2916 0.770454 0.632223 -0.0818163 32.1277 0.0798307 0.0316474 0.996306 2.21391
0.629492 -0.776577 -0.0258622 25.9564 0.77292 0.629243 -0.0815362 32.9257 0.0795927 0.0313369 0.996335 2.27409
0.626702 -0.778859 -0.0249618 26.6217 0.774998 0.6263 -0.0844241 33.7215 0.081388 0.0335634 0.996117 2.33421
0.624009 -0.781093 -0.022481 27.2857 0.777324 0.623425 -0.0843129 34.5292 0.0798715 0.035137 0.996186 2.39614
0.622154 -0.782586 -0.0219917 27.947 0.778705 0.621482 -0.0858974 35.3342 0.0808896 0.0363164 0.996061 2.45327
0.619858 -0.784432 -0.0210454 28.6115 0.78047 0.61907 -0.087288 36.1486 0.0815 0.0376809 0.995961 2.51542
0.618092 -0.785818 -0.0212608 29.2791 0.781622 0.617227 -0.0899874 36.9655 0.0838365 0.0390026 0.995716 2.57988
0.616944 -0.786689 -0.0223476 29.9446 0.782539 0.616216 -0.0889423 37.7923 0.0837409 0.0373846 0.995786 2.65261
0.615901 -0.787543 -0.021048 30.6234 0.783477 0.615086 -0.0885061 38.6248 0.0826487 0.0380204 0.995853 2.70488
0.615658 -0.787776 -0.0193577 31.3037 0.783731 0.614685 -0.0890422 39.4604 0.0820441 0.0396483 0.99584 2.78209
0.616687 -0.78689 -0.0223824 31.9788 0.782947 0.616056 -0.0864203 40.2978 0.0817921 0.03577 0.996007 2.84965
0.619044 -0.785059 -0.0216195 32.6611 0.780899 0.618225 -0.0894124 41.1227 0.0835598 0.0384675 0.99576 2.90192
0.621449 -0.783085 -0.024034 33.3391 0.779042 0.62091 -0.086979 41.9479 0.0830349 0.0353296 0.99592 2.97785
0.624065 -0.780941 -0.025949 34.0171 0.776961 0.623723 -0.085447 42.7675 0.0829141 0.0331631 0.996005 3.0368
0.627158 -0.778446 -0.0263589 34.6993 0.774533 0.626866 -0.084483 43.5728 0.0822889 0.0325684 0.996076 3.11183
0.63132 -0.775031 -0.0275939 35.373 0.771111 0.631121 -0.0841114 44.3735 0.082604 0.0318233 0.996074 3.1709
0.635627 -0.771529 -0.0268785 36.0586 0.767648 0.635353 -0.0839195 45.1625 0.0818236 0.0327082 0.99611 3.22504
0.640233 -0.767703 -0.0270857 36.7459 0.763707 0.639909 -0.0852528 45.9451 0.0827812 0.0338961 0.995991 3.28085
0.644445 -0.76418 -0.026837 37.4332 0.76086 0.644345 -0.0768809 46.7304 0.0760431 0.0291263 0.996679 3.3724
0.647666 -0.761456 -0.0267083 38.1391 0.757875 0.647437 -0.0803107 47.5132 0.078445 0.031773 0.996412 3.40917
0.649255 -0.760245 -0.0222467 38.8609 0.75622 0.648389 -0.0878803 48.3142 0.0812351 0.0402333 0.995883 3.46121
0.650659 -0.758753 -0.0306134 39.5707 0.754538 0.650534 -0.086477 49.124 0.0855297 0.0331681 0.995783 3.54206
0.651895 -0.757901 -0.0248771 40.3047 0.753804 0.651243 -0.0875311 49.9354 0.0825409 0.0383086 0.995851 3.60228
0.653134 -0.756952 -0.0209784 41.047 0.753008 0.652158 -0.0875685 50.7523 0.0799664 0.0413971 0.995938 3.66023
0.653923 -0.756171 -0.0243035 41.772 0.752024 0.653178 -0.0884228 51.5674 0.0827373 0.0395449 0.995786 3.7473
0.654501 -0.755619 -0.0258653 42.5035 0.751263 0.653814 -0.0901745 52.3846 0.0850486 0.0395876 0.99559 3.80087
0.655335 -0.754913 -0.0253495 43.2345 0.750588 0.654604 -0.0900671 53.1897 0.0845867 0.0399971 0.995613 3.87108
0.655948 -0.754349 -0.0262478 43.9604 0.750343 0.655451 -0.0858406 54.0009 0.0819579 0.0366121 0.995963 3.9441
0.656709 -0.753651 -0.0272725 44.6837 0.749607 0.656292 -0.0858508 54.8034 0.0826002 0.0359353 0.995935 4.01134
0.656918 -0.753324 -0.0310109 45.4034 0.749247 0.65685 -0.0847122 55.6079 0.0841853 0.0324142 0.995923 4.06886
0.657151 -0.752899 -0.0360053 46.1207 0.748845 0.657567 -0.0826855 56.4024 0.0859297 0.0273744 0.995925 4.14914
0.657372 -0.752643 -0.037283 46.8334 0.748869 0.65799 -0.079024 57.2009 0.0840088 0.0240281 0.996175 4.20498
0.657965 -0.752026 -0.0392247 47.545 0.74846 0.65881 -0.076012 57.9893 0.0830046 0.0206551 0.996335 4.27682
0.658262 -0.751566 -0.0429004 48.2437 0.748213 0.659471 -0.0726271 58.7731 0.0828756 0.015709 0.996436 4.35642
0.658491 -0.751278 -0.0443936 48.9506 0.747944 0.659831 -0.0721327 59.5527 0.083484 0.0142949 0.996407 4.41087
0.659734 -0.750237 -0.0435447 49.6549 0.746769 0.660971 -0.0738502 60.3206 0.0841869 0.0162037 0.996318 4.46644
0.660566 -0.74947 -0.0441315 50.3494 0.746243 0.661893 -0.0708368 61.0827 0.0823004 0.0138596 0.996511 4.5431
0.661516 -0.748756 -0.0419759 51.0508 0.745458 0.662644 -0.0720793 61.8397 0.0817848 0.0163903 0.996515 4.59417
0.662195 -0.748166 -0.0417872 51.7435 0.74483 0.663296 -0.0725741 62.5943 0.0820147 0.0169338 0.996487 4.66132
0.663145 -0.747382 -0.0407346 52.4402 0.744039 0.664151 -0.0728672 63.3446 0.0815136 0.0180134 0.996509 4.71515
0.664046 -0.746524 -0.0417622 53.1306 0.743168 0.665133 -0.0727909 64.0951 0.0821176 0.0173002 0.996472 4.78642
0.664566 -0.745993 -0.0429795 53.8252 0.742525 0.665732 -0.0738752 64.8463 0.0837232 0.0171815 0.996341 4.84404
0.66564 -0.745083 -0.0421257 54.5233 0.741491 0.666701 -0.0755058 65.5932 0.0843433 0.0190238 0.996255 4.89823
0.666388 -0.744471 -0.0411101 55.2137 0.741001 0.667384 -0.07427 66.3412 0.082728 0.01903 0.99639 4.96774
0.667598 -0.743467 -0.0396318 55.9058 0.740118 0.668489 -0.0731331 67.0829 0.0808654 0.0194913 0.996534 5.02598
0.668605 -0.742724 -0.036459 56.6075 0.739424 0.669234 -0.0733313 67.8297 0.0788645 0.022071 0.996641 5.08431
0.669691 -0.741816 -0.0349721 57.3039 0.73848 0.670178 -0.0742172 68.572 0.0784931 0.0238764 0.996629 5.14362
0.670546 -0.741031 -0.0352416 57.9968 0.73765 0.671039 -0.0746962 69.3154 0.0790007 0.0240912 0.996583 5.20979
0.671558 -0.740082 -0.0358946 58.6945 0.736642 0.672085 -0.0752383 70.0554 0.0798067 0.0240854 0.996519 5.26263
0.673214 -0.738586 -0.0356703 59.4039 0.734945 0.673652 -0.0777734 70.7896 0.0814718 0.0261425 0.996333 5.32435
0.675362 -0.736501 -0.0381111 60.1061 0.732894 0.676018 -0.0765896 71.5316 0.0821721 0.0237944 0.996334 5.39692
0.678495 -0.733527 -0.0397857 60.8159 0.729883 0.679276 -0.0765183 72.2633 0.0831536 0.0228784 0.996274 5.44938
0.682294 -0.72997 -0.0402248 61.5332 0.726186 0.683056 -0.0780263 72.9951 0.0844327 0.0240262 0.996139 5.51597
0.68642 -0.726107 -0.0399506 62.2508 0.72258 0.68721 -0.0749669 73.725 0.0818884 0.0225913 0.996385 5.57566
0.689559 -0.723182 -0.0389451 62.9756 0.719632 0.69024 -0.0754856 74.4446 0.0814713 0.0240256 0.996386 5.63055
0.692848 -0.720161 -0.0364723 63.7028 0.71679 0.693352 -0.0739964 75.1656 0.0785774 0.0251253 0.996591 5.69003
0.695549 -0.717533 -0.0368481 64.4316 0.714139 0.696066 -0.074145 75.8828 0.0788502 0.0252568 0.996566 5.75573
0.698245 -0.714916 -0.0367174 65.1567 0.711466 0.698721 -0.0748748 76.5919 0.0791844 0.0261578 0.996517 5.81371
0.701162 -0.712044 -0.0369567 65.8859 0.708485 0.701608 -0.0761181 77.3008 0.0801286 0.0271878 0.996414 5.86919
0.703616 -0.709639 -0.0365562 66.6224 0.706057 0.704007 -0.0765315 78.012 0.0800456 0.028038 0.996397 5.92777
0.705757 -0.707487 -0.0369961 67.356 0.703995 0.706208 -0.0752419 78.7174 0.0793597 0.0270574 0.996479 5.99192
0.707315 -0.705931 -0.036971 68.0886 0.702336 0.70772 -0.0765279 79.4229 0.0801886 0.0281632 0.996382 6.04265
0.708177 -0.705003 -0.0381612 68.8256 0.701464 0.708704 -0.075409 80.1316 0.0802086 0.0266342 0.996422 6.11103
0.708905 -0.704279 -0.0380263 69.5627 0.700742 0.709417 -0.0754176 80.8392 0.0800914 0.0268173 0.996427 6.16793
0.709734 -0.703412 -0.0385966 70.3056 0.699851 0.710285 -0.0755219 81.5521 0.0805376 0.0265886 0.996397 6.23225
0.710627 -0.702543 -0.0379714 71.0542 0.698995 0.711122 -0.0755746 82.2637 0.0800967 0.0271636 0.996417 6.2856
0.711225 -0.701965 -0.0374651 71.8048 0.698518 0.711707 -0.0744709 82.9763 0.0789402 0.0267956 0.996519 6.35161
0.711797 -0.701373 -0.0376942 72.5549 0.697999 0.712321 -0.0734571 83.6915 0.0783712 0.025976 0.996586 6.41064
0.711421 -0.701748 -0.0378138 73.312 0.698409 0.711968 -0.0729858 84.4073 0.0781399 0.0255141 0.996616 6.47179
0.711184 -0.702058 -0.0365114 74.077 0.698732 0.711624 -0.0732402 85.1369 0.0774012 0.0265756 0.996646 6.52438
0.70958 -0.703767 -0.0347448 74.8415 0.700511 0.7099 -0.0729809 85.8764 0.0760269 0.0274467 0.996728 6.58311
0.706965 -0.706453 -0.0335431 75.6118 0.703265 0.707219 -0.0725292 86.6229 0.0749607 0.0276859 0.996802 6.6468
0.702853 -0.710541 -0.0335973 76.3713 0.707427 0.703156 -0.0715495 87.3788 0.074463 0.0265212 0.996871 6.70217
0.698221 -0.715068 -0.0341209 77.1314 0.711866 0.698557 -0.0725634 88.1426 0.0757231 0.0263758 0.99678 6.76452
0.692579 -0.720482 -0.0352244 77.8955 0.717285 0.693034 -0.072152 88.9248 0.0763959 0.024705 0.996771 6.82164
0.686079 -0.72673 -0.0340501 78.6577 0.723544 0.686466 -0.072449 89.7158 0.0760251 0.025069 0.996791 6.87827
0.678669 -0.733729 -0.0324166 79.4182 0.730834 0.679045 -0.0691275 90.5233 0.0727332 0.0232235 0.997081 6.94068
0.672981 -0.738999 -0.0312605 80.1702 0.736253 0.673335 -0.0674615 91.3417 0.0709028 0.0223847 0.997232 6.99548
0.664687 -0.746397 -0.0329002 80.9151 0.743633 0.665192 -0.067294 92.1659 0.072113 0.0202637 0.997191 7.05024
0.657224 -0.752969 -0.0330904 81.6563 0.750221 0.657774 -0.0670978 92.9948 0.0722885 0.0192732 0.997198 7.10741
0.650185 -0.759069 -0.0327687 82.3911 0.756293 0.650727 -0.0676339 93.8391 0.0726622 0.0191918 0.997172 7.16493
0.642894 -0.765252 -0.032811 83.1182 0.762527 0.643477 -0.0670034 94.6941 0.0723877 0.0180568 0.997213 7.22195
0.635647 -0.771301 -0.0323674 83.8387 0.768666 0.636243 -0.0659371 95.5584 0.0714509 0.017033 0.997299 7.28014
0.62822 -0.777358 -0.032466 84.5511 0.774831 0.628871 -0.0644816 96.4294 0.0705422 0.015353 0.997391 7.33363
0.620645 -0.783401 -0.0328944 85.26 0.780958 0.621368 -0.0632947 97.3076 0.0700247 0.0135944 0.997453 7.3925
0.613718 -0.788823 -0.0333066 85.9594 0.786423 0.614498 -0.0627001 98.193 0.0699261 0.012287 0.997477 7.44581
0.60632 -0.794588 -0.0317289 86.6555 0.792294 0.607027 -0.0615529 99.0838 0.0681695 0.0121821 0.997599 7.49152
0.599396 -0.799831 -0.0315235 87.3415 0.79777 0.600146 -0.058213 99.9838 0.0654793 0.00974412 0.997806 7.55415
0.593216 -0.8046 -0.0267013 88.0242 0.802598 0.593672 -0.0582237 100.888 0.0626986 0.0131088 0.997946 7.59838
0.590248 -0.806768 -0.0270702 88.7024 0.805192 0.59081 -0.0510807 101.799 0.0572036 0.00835364 0.998328 7.64575
0.588494 -0.808065 -0.0265657 89.3808 0.806465 0.589025 -0.0516183 102.701 0.0573588 0.00895274 0.998313 7.68092
0.587073 -0.809071 -0.027393 90.0552 0.807377 0.587642 -0.053108 103.599 0.0590654 0.00906179 0.998213 7.72714
0.586295 -0.809555 -0.0296411 90.7273 0.807792 0.586993 -0.053954 104.492 0.0610779 0.0076891 0.998103 7.76796
0.589076 -0.807736 -0.0234927 91.4044 0.806204 0.58944 -0.0509413 105.38 0.0549947 0.0110684 0.998425 7.80802
0.592845 -0.805016 -0.0220185 92.0768 0.803492 0.59312 -0.0510774 106.246 0.0541777 0.0125893 0.998452 7.84818
0.596622 -0.802256 -0.0206761 92.7467 0.800697 0.596804 -0.0520467 107.103 0.0540944 0.014497 0.998431 7.8809
0.600544 -0.799286 -0.022124 93.4064 0.797794 0.600819 -0.0504155 107.947 0.0535889 0.0126263 0.998483 7.92418
0.603728 -0.796887 -0.0220097 94.0647 0.795449 0.604003 -0.0494175 108.783 0.0526741 0.0123271 0.998536 7.95
0.606932 -0.794403 -0.02362 94.7169 0.793079 0.607314 -0.0468574 109.606 0.0515684 0.00970677 0.998622 7.98844
0.609745 -0.79221 -0.02477 95.3736 0.79099 0.610201 -0.0446128 110.426 0.0504574 0.00760963 0.998697 8.02185
0.612866 -0.789824 -0.023929 96.0302 0.788635 0.613279 -0.0440795 111.238 0.0494902 0.0081436 0.998741 8.04767
0.615972 -0.787338 -0.0260235 96.6931 0.786167 0.616489 -0.0433943 112.054 0.0502093 0.00627085 0.998719 8.07951
0.618973 -0.784969 -0.0264051 97.3649 0.783993 0.619525 -0.0392851 112.874 0.0471961 0.00361498 0.998879 8.11185
0.621991 -0.782593 -0.0259879 98.0405 0.781685 0.622526 -0.0378134 113.689 0.0457706 0.00320531 0.998947 8.13959
0.625758 -0.779642 -0.0241976 98.7176 0.778768 0.62621 -0.0371592 114.495 0.0441237 0.00440837 0.999016 8.1648
0.629866 -0.77638 -0.022429 99.4062 0.775541 0.630241 -0.0365191 115.297 0.0424884 0.00560755 0.999081 8.19201
0.632901 -0.773828 -0.0250109 100.084 0.773129 0.633394 -0.0329196 116.097 0.0413159 0.00149819 0.999145 8.22101
0.636386 -0.771196 -0.0164335 100.774 0.770402 0.63651 -0.0365383 116.891 0.0386383 0.010592 0.999197 8.21747
0.639322 -0.76865 -0.0210572 101.457 0.767924 0.639646 -0.0338435 117.677 0.0394829 0.00546658 0.999205 8.26607
0.642016 -0.766433 -0.0199045 102.142 0.765789 0.642303 -0.0318499 118.459 0.0371956 0.00520552 0.999294 8.26331
0.644853 -0.764109 -0.0174081 102.826 0.763384 0.645026 -0.0344364 119.231 0.0375418 0.0089173 0.999255 8.28401
0.647342 -0.762004 -0.0172677 103.498 0.761466 0.647547 -0.0292052 120.002 0.0334362 0.00575695 0.999424 8.31056
0.64974 -0.759966 -0.0170256 104.177 0.759454 0.649939 -0.0284333 120.763 0.032674 0.00554408 0.999451 8.31538
0.652397 -0.757697 -0.016539 104.852 0.757185 0.652578 -0.0285068 121.519 0.0323925 0.00607464 0.999457 8.32941
0.654768 -0.755644 -0.0167514 105.523 0.755204 0.654967 -0.0261897 122.266 0.0307617 0.0044974 0.999517 8.34552
0.659962 -0.751191 -0.012778 106.855 0.750827 0.660054 -0.0242215 123.729 0.0266291 0.00639118 0.999625 8.36229
0.665661 -0.746205 -0.00857079 108.17 0.745867 0.665641 -0.0245625 125.143 0.0240338 0.00995764 0.999662 8.37398
0.671342 -0.741125 -0.00583106 109.464 0.740906 0.671304 -0.0202319 126.529 0.0189087 0.00926223 0.999778 8.37666
0.682991 -0.730422 -0.00270167 110.76 0.730273 0.682918 -0.0179884 127.865 0.0149841 0.010313 0.999835 8.36783
0.696945 -0.717124 -0.000941175 112.039 0.717057 0.696896 -0.0128364 129.127 0.00986123 0.00827142 0.999917 8.35928
0.709655 -0.70454 0.00364699 113.313 0.704529 0.709584 -0.0114138 130.334 0.00545364 0.0106693 0.999928 8.33235
0.708689 -0.705482 0.00747629 114.59 0.705517 0.708683 -0.00389784 131.573 -0.00254846 0.008037 0.999964 8.30305
0.699944 -0.714043 0.0148601 115.872 0.714145 0.699994 -0.00243123 132.852 -0.00866596 0.012314 0.999887 8.25028
0.68186 -0.731296 0.016545 117.149 0.731349 0.681993 0.00371678 134.212 -0.0140016 0.00956582 0.999856 8.19999
0.663633 -0.747427 0.0307302 118.443 0.747659 0.664061 0.0054122 135.641 -0.024452 0.019384 0.999513 8.12255
0.649261 -0.759182 0.0458535 119.762 0.759852 0.650083 0.00412232 137.131 -0.0329381 0.0321654 0.99894 8.0186
0.645789 -0.761804 0.0511066 120.431 0.762746 0.646696 0.00161676 137.896 -0.0342821 0.0379372 0.998692 7.97164
0.644297 -0.762971 0.0525099 121.113 0.763983 0.645236 0.00123109 138.682 -0.0348206 0.0393235 0.99862 7.91287
0.641875 -0.764853 0.0547355 121.795 0.766011 0.642828 -0.000268457 139.468 -0.0349802 0.0421003 0.998501 7.85942
0.639398 -0.767077 0.0525591 122.477 0.768151 0.640269 -0.0003615 140.264 -0.0333746 0.0406045 0.998618 7.80815
0.636979 -0.769168 0.0513549 123.15 0.770194 0.637809 -0.00029652 141.061 -0.0325265 0.0397421 0.99868 7.75819
0.634579 -0.771287 0.0492561 123.82 0.772128 0.635461 0.00297518 141.864 -0.033595 0.036144 0.998782 7.70595
0.632317 -0.773159 0.0489897 124.496 0.774047 0.633127 0.00132555 142.664 -0.0320416 0.0370822 0.998798 7.65012
0.630624 -0.774581 0.0483428 125.162 0.775407 0.631456 0.00256447 143.463 -0.0325127 0.0358681 0.998828 7.59665
0.630411 -0.774815 0.0473725 125.825 0.775553 0.631268 0.00420746 144.256 -0.0331647 0.0340874 0.998868 7.54539
0.631389 -0.774012 0.0474689 126.491 0.774657 0.632343 0.00697735 145.044 -0.0354172 0.0323667 0.998848 7.49007
0.632842 -0.772822 0.0475098 127.157 0.773476 0.63379 0.0067095 145.826 -0.0352965 0.0325016 0.998848 7.43006
0.634327 -0.771678 0.0462823 127.815 0.772203 0.63531 0.00917724 146.604 -0.0364855 0.029918 0.998886 7.38134
0.636393 -0.770068 0.0447106 128.479 0.770633 0.637245 0.00661475 147.379 -0.0335854 0.0302459 0.998978 7.32295
0.637909 -0.768722 0.046238 129.139 0.76934 0.638807 0.00639933 148.149 -0.0344565 0.0314906 0.99891 7.27671
0.639352 -0.767625 0.0445059 129.802 0.768146 0.640229 0.00765741 148.916 -0.034372 0.0292912 0.99898 7.22832
0.640978 -0.766117 0.047023 130.465 0.766764 0.641899 0.00617783 149.678 -0.034917 0.0320957 0.998875 7.16774
0.642903 -0.764289 0.0503795 131.127 0.765059 0.643934 0.00582892 150.43 -0.036896 0.0347958 0.998713 7.10904
0.646162 -0.761818 0.0459098 132.432 0.76237 0.647096 0.00773081 151.923 -0.0355975 0.0300049 0.998916 7.01239
0.64936 -0.759181 0.0444463 133.725 0.759774 0.650167 0.00511934 153.393 -0.0327841 0.0304449 0.998999 6.90773
0.651993 -0.75676 0.0471012 134.99 0.757341 0.652974 0.00772313 154.817 -0.0366004 0.0306362 0.99886 6.80398
0.654691 -0.754841 0.0399264 136.201 0.755009 0.655569 0.01383 156.185 -0.036614 0.0210904 0.999107 6.72099
0.658482 -0.751541 0.0398495 137.371 0.751946 0.659191 0.0066798 157.464 -0.0312886 0.0255662 0.999183 6.62585
0.667133 -0.743994 0.0375037 138.488 0.744286 0.66781 0.00822192 158.668 -0.0311624 0.0224284 0.999263 6.54106
0.680763 -0.731154 0.0444495 139.58 0.731476 0.681768 0.0116174 159.769 -0.0387984 0.0246051 0.998944 6.45057
0.708942 -0.703914 0.0436561 140.638 0.70412 0.70996 0.0130633 160.738 -0.0401896 0.0214781 0.998961 6.37417
0.754844 -0.653925 0.0509208 141.687 0.654863 0.755744 -0.00233723 161.499 -0.0369547 0.0351104 0.9987 6.28404
0.805112 -0.5906 0.0546456 142.66 0.591344 0.806413 0.00308765 162.081 -0.0458905 0.0298285 0.998501 6.21892
0.877801 -0.475043 0.0616426 143.937 0.476242 0.879297 -0.00555552 162.577 -0.051563 0.0342335 0.998083 6.12892
0.936359 -0.345905 0.0598463 144.964 0.347594 0.937426 -0.0202635 162.75 -0.0490923 0.0397762 0.998002 6.06102
0.983753 -0.164811 0.0711807 146.183 0.168911 0.98404 -0.0559948 162.691 -0.060816 0.0671082 0.995891 5.95199
0.995731 0.0350646 0.085388 147.269 -0.025888 0.993997 -0.106298 162.374 -0.0886028 0.103634 0.990661 5.83341
0.972096 0.219839 0.0818528 148.309 -0.208309 0.96942 -0.129741 161.889 -0.107872 0.10907 0.988164 5.6613
0.928783 0.361488 0.0817885 149.121 -0.34512 0.923994 -0.1647 161.326 -0.135109 0.124744 0.982947 5.48258
0.853818 0.514956 0.0762634 149.947 -0.49713 0.850039 -0.174055 160.617 -0.154457 0.110698 0.981778 5.29291
0.770454 0.635478 0.0506738 150.646 -0.619658 0.765199 -0.174624 159.794 -0.149745 0.103139 0.98333 5.09237
0.702943 0.710553 0.0313905 151.389 -0.699731 0.698798 -0.148517 158.901 -0.127465 0.0824343 0.988411 4.89716
0.656919 0.75375 0.0178601 152.194 -0.745006 0.652574 -0.138247 157.847 -0.115859 0.0775112 0.990237 4.70802
0.607858 0.793629 0.0257271 153.068 -0.786487 0.606215 -0.118072 156.634 -0.109302 0.0515372 0.992672 4.50811
0.586484 0.809854 0.0131478 153.691 -0.804148 0.584139 -0.110123 155.691 -0.0968634 0.0540123 0.993831 4.353
0.582887 0.812469 0.0117329 154.409 -0.808893 0.581569 -0.086427 154.686 -0.0770428 0.0408865 0.996189 4.26472
0.578898 0.815388 -0.00447367 155.164 -0.813799 0.577409 -0.0658044 153.597 -0.0510729 0.0417347 0.997823 4.11963
0.574291 0.81865 0.00139409 155.95 -0.816599 0.572971 -0.069791 152.412 -0.0579332 0.0389419 0.997561 4.01477
0.567493 0.823366 0.00456461 156.76 -0.821081 0.566314 -0.0715163 151.177 -0.0614691 0.0368371 0.997429 3.89009
0.561924 0.827183 -0.00319562 157.567 -0.824826 0.560023 -0.0776879 149.9 -0.0624725 0.0462906 0.996973 3.77341
0.559364 0.8289 -0.00610426 158.401 -0.827029 0.557574 -0.0716569 148.639 -0.0559928 0.0451307 0.997411 3.68787
0.556944 0.830444 -0.0133073 159.214 -0.82893 0.554785 -0.0713327 147.358 -0.0518551 0.0507592 0.997364 3.58581
0.556411 0.83082 -0.0120252 160.066 -0.829707 0.554771 -0.0617745 146.064 -0.0446523 0.0443494 0.998018 3.48848
0.556503 0.830708 -0.0151375 160.923 -0.829836 0.554836 -0.0594106 144.731 -0.040954 0.0456237 0.998119 3.38632
0.554841 0.831859 -0.0126864 161.808 -0.830608 0.55301 -0.06535 143.366 -0.0473463 0.0467963 0.997782 3.27855
0.555037 0.83171 -0.0138425 162.692 -0.830731 0.553377 -0.0604885 142.003 -0.0426488 0.0450728 0.998073 3.17898
0.553768 0.832388 -0.0216945 163.583 -0.831928 0.551987 -0.0566183 140.6 -0.0351533 0.0494017 0.99816 3.07559
0.554416 0.832238 -0.00197213 164.5 -0.83127 0.553654 -0.049577 139.227 -0.0401679 0.0291256 0.998768 2.97663
0.553853 0.832614 -0.00119682 165.395 -0.8311 0.552758 -0.061081 137.832 -0.0501953 0.0348246 0.998132 2.86175
0.55435 0.832279 0.0028088 166.304 -0.830706 0.553503 -0.0596828 136.423 -0.0512274 0.0307519 0.998213 2.75404
0.555294 0.831652 0.00179703 167.241 -0.830575 0.554682 -0.0497267 134.974 -0.0423521 0.0261204 0.998761 2.63102
0.555369 0.831601 0.0021983 168.202 -0.830366 0.554684 -0.0530806 133.481 -0.0453613 0.0276539 0.998588 2.52628
0.555963 0.831124 0.0117801 169.207 -0.829794 0.555788 -0.0504049 131.957 -0.0484399 0.0182481 0.998659 2.39548
0.556595 0.830651 0.0148688 170.224 -0.829478 0.556634 -0.046099 130.398 -0.0465686 0.0133251 0.998826 2.27411
0.556239 0.830804 0.0190701 171.247 -0.829986 0.556544 -0.0371748 128.842 -0.0414983 0.00485014 0.999127 2.165
0.55634 0.830904 0.00920057 172.239 -0.830117 0.556242 -0.0387374 127.304 -0.0373048 0.0139136 0.999207 2.08475
0.55703 0.830476 0.00523203 173.237 -0.830034 0.55692 -0.0297277 125.789 -0.027602 0.0122165 0.999544 1.98549
0.556343 0.830948 -0.00269438 174.199 -0.830529 0.555954 -0.033722 124.283 -0.0265233 0.0209988 0.999428 1.9004
0.554803 0.831924 -0.00983702 175.174 -0.831686 0.554252 -0.0332117 122.759 -0.0221774 0.0266073 0.9994 1.82117
0.55435 0.832091 -0.0179145 176.115 -0.831765 0.553115 -0.0472386 121.262 -0.029398 0.0410873 0.998723 1.74147
0.552946 0.83301 -0.0185608 177.061 -0.832652 0.551614 -0.049114 119.794 -0.030674 0.0426121 0.998621 1.6599
0.552771 0.833122 -0.0187271 177.991 -0.832736 0.551385 -0.0502538 118.33 -0.0315417 0.0433736 0.998561 1.58009
0.54844 0.835986 -0.018489 178.902 -0.835603 0.547092 -0.0495841 116.884 -0.0313364 0.0426433 0.998599 1.4918
0.542782 0.839709 -0.0166406 179.79 -0.839242 0.541499 -0.0495205 115.46 -0.0325719 0.0408443 0.998634 1.40707
0.534183 0.845299 -0.0108877 180.625 -0.844606 0.533109 -0.0493563 114.075 -0.0359165 0.035561 0.998722 1.31742
0.525389 0.850796 -0.0106084 181.407 -0.850125 0.524374 -0.048166 112.754 -0.0354167 0.0343244 0.998783 1.24625
0.517514 0.855666 -0.00383163 182.166 -0.854642 0.516664 -0.0514377 111.449 -0.0420338 0.0298944 0.998669 1.16092
0.508207 0.861234 0.00117478 182.878 -0.859765 0.507419 -0.0577162 110.203 -0.0503032 0.0283217 0.998332 1.05424
0.501781 0.864818 0.0174746 183.567 -0.862938 0.501878 -0.0587933 108.971 -0.0596156 0.0144219 0.998117 0.957051
0.49642 0.868082 0.00096045 184.191 -0.866473 0.495566 -0.0603138 107.782 -0.0528333 0.0291088 0.998179 0.852848
0.488654 0.872374 0.0134736 184.837 -0.870824 0.48862 -0.0540056 106.602 -0.0536966 0.014657 0.99845 0.762472
0.480647 0.876904 0.0042536 185.452 -0.874515 0.479685 -0.0716007 105.376 -0.0648273 0.0306948 0.997424 0.657115
0.474166 0.880423 0.00464233 186.068 -0.878252 0.473355 -0.0678821 104.184 -0.0619625 0.0281103 0.997683 0.561869
0.469137 0.883126 -0.000200926 186.667 -0.881433 0.468223 -0.0619965 102.987 -0.0546566 0.0292619 0.998076 0.453324
0.470404 0.882443 0.00377927 187.285 -0.880754 0.469761 -0.0599834 101.811 -0.0547073 0.0248878 0.998192 0.356179
0.485818 0.874059 -0.000779928 187.929 -0.872419 0.484851 -0.0616776 100.647 -0.0535317 0.0306445 0.998096 0.260228
0.518927 0.854787 0.00733215 188.65 -0.853235 0.518469 -0.0563923 99.5166 -0.0520049 0.0230074 0.998382 0.171348
0.553368 0.832838 0.0128474 189.42 -0.831344 0.553198 -0.0532907 98.406 -0.0514896 0.0188088 0.998496 0.0845088
0.585019 0.810994 0.00650275 190.208 -0.809451 0.584367 -0.0574765 97.3318 -0.0504131 0.0283612 0.998326 -0.0150301
0.605356 0.795938 0.00520212 191.008 -0.79441 0.604575 -0.0583235 96.2664 -0.0495669 0.0311739 0.998284 -0.113837
0.606092 0.795355 0.00797883 191.838 -0.791573 0.604131 -0.0918616 95.1538 -0.0778828 0.0493607 0.99574 -0.206153
0.609694 0.792614 0.00595858 192.655 -0.78994 0.608223 -0.0778391 94.0435 -0.0653206 0.0427512 0.996948 -0.342916
0.615915 0.787546 0.0204849 193.578 -0.786004 0.616054 -0.0517238 92.915 -0.0533547 0.0157562 0.998451 -0.421698
0.62346 0.781687 0.0161963 194.509 -0.779434 0.623025 -0.0657437 91.7082 -0.0614818 0.0283646 0.997705 -0.57295
0.630146 0.775145 0.0454627 195.528 -0.773437 0.631778 -0.0514988 90.4858 -0.0686414 -0.00271079 0.997638 -0.704342
0.633414 0.773017 0.0350893 196.543 -0.77067 0.634276 -0.0613362 89.1889 -0.0696702 0.0118089 0.9975 -0.836217
0.635069 0.771454 0.0393223 197.611 -0.769568 0.636272 -0.0540607 87.8695 -0.066725 0.00407105 0.997763 -0.993945
0.636229 0.770318 0.042698 198.718 -0.76809 0.637644 -0.0587213 86.4977 -0.0724602 0.00456429 0.997361 -1.14249
0.637002 0.769661 0.0430082 199.821 -0.767083 0.63841 -0.0633813 85.1279 -0.076239 0.0073832 0.997062 -1.29765
0.639555 0.767762 0.0388685 200.922 -0.765769 0.640709 -0.055589 83.7842 -0.0675825 0.00578794 0.997697 -1.44477
0.642631 0.765397 0.0345253 202.024 -0.763813 0.643535 -0.0495213 82.4271 -0.0601217 0.00545302 0.998176 -1.58533
0.642096 0.765693 0.0377715 203.15 -0.764354 0.643206 -0.0452698 81.0586 -0.0589576 0.000196714 0.99826 -1.71593
0.639529 0.768035 0.0335341 204.293 -0.766683 0.640398 -0.0456849 79.6569 -0.0565628 0.00350677 0.998393 -1.84959
0.638776 0.768786 0.0305363 205.414 -0.767515 0.639487 -0.0444673 78.2631 -0.0537134 0.00496757 0.998544 -1.96784
0.637674 0.770035 0.0204366 206.503 -0.768622 0.637809 -0.0491903 76.8892 -0.0509129 0.0156594 0.99858 -2.10217
0.63746 0.770153 0.0225687 207.576 -0.768691 0.637701 -0.0495163 75.553 -0.0525272 0.0142163 0.998518 -2.2205
0.636857 0.770719 0.0201288 208.632 -0.769209 0.636945 -0.0511692 74.2316 -0.052258 0.0171043 0.998487 -2.35042
0.637436 0.770322 0.0167358 209.668 -0.769318 0.637509 -0.0416135 72.9495 -0.042725 0.0136508 0.998994 -2.46316
0.638975 0.768969 0.0199455 210.701 -0.76834 0.639268 -0.0314752 71.7128 -0.036954 0.00478693 0.999306 -2.55878
0.642884 0.765347 0.0307343 211.711 -0.76485 0.643595 -0.0280974 70.5017 -0.0412847 -0.00544382 0.999133 -2.64932
0.644605 0.763051 0.0472914 212.7 -0.763215 0.645883 -0.0183926 69.3361 -0.0445792 -0.0242376 0.998712 -2.74067
0.643362 0.764063 0.0478983 213.635 -0.763749 0.644884 -0.028502 68.1727 -0.0526662 -0.0182452 0.998445 -2.83777
0.639115 0.767484 0.0500122 214.521 -0.766907 0.640854 -0.0340552 67.072 -0.0581873 -0.0165895 0.998168 -2.93619
0.634673 0.772088 0.0327119 215.322 -0.77023 0.635448 -0.0543296 66.0105 -0.0627339 0.00928582 0.997987 -3.04628
0.634055 0.77299 0.0214385 216.069 -0.771094 0.6341 -0.0577127 65.0227 -0.0582056 0.0200619 0.998103 -3.1299
0.631559 0.775326 0.00190665 216.807 -0.774339 0.630875 -0.0489473 64.087 -0.039153 0.0294367 0.9988 -3.19052
0.630222 0.776259 -0.0155441 217.55 -0.7764 0.630208 -0.00641332 63.1469 0.00481763 0.0161103 0.999859 -3.21704
0.627312 0.778008 -0.0344042 218.304 -0.7787 0.627228 -0.0145205 62.1478 0.0102822 0.0358995 0.999303 -3.25765
0.62268 0.782449 0.00655895 219.098 -0.782421 0.622714 -0.00662634 61.176 -0.00926912 -0.00100577 0.999957 -3.26051
0.608815 0.793308 -0.00259039 219.752 -0.79329 0.60882 0.00542452 60.2607 0.00588039 -0.0012476 0.999982 -3.29416
0.595884 0.803069 0.00144645 220.364 -0.803001 0.595808 0.0142616 59.397 0.0105912 -0.00965975 0.999897 -3.2921
0.583845 0.811864 0.00106602 220.936 -0.811653 0.583662 0.0236424 58.5599 0.0185722 -0.0146687 0.99972 -3.29532
0.572851 0.81965 0.00394167 221.5 -0.819438 0.572579 0.0259692 57.7108 0.0190287 -0.0181064 0.999655 -3.30266
0.56301 0.826424 0.0066133 222.051 -0.826248 0.562677 0.0266357 56.8562 0.0182912 -0.0204604 0.999623 -3.30042
0.553326 0.832949 0.00514979 222.872 -0.832589 0.552879 0.0334706 55.5731 0.0250321 -0.0228078 0.999426 -3.29925
0.554181 0.832196 0.0182561 223.501 -0.832254 0.553547 0.0306477 54.6298 0.0153993 -0.0321781 0.999364 -3.30363
0.556446 0.830469 0.0262381 224.153 -0.830873 0.556003 0.0226027 53.6274 0.00418239 -0.0343778 0.9994 -3.32003
0.558203 0.829255 0.0273195 224.823 -0.829685 0.558114 0.0114664 52.5814 -0.00573885 -0.0290671 0.999561 -3.36276
0.562726 0.826041 0.0315444 225.554 -0.826451 0.563008 -6.87186e-05 51.4992 -0.0178165 -0.0260313 0.999502 -3.39551
0.573195 0.818151 0.0455733 226.341 -0.818327 0.574415 -0.0196908 50.3696 -0.042288 -0.0260072 0.998767 -3.44981
0.582144 0.812289 0.0359884 227.163 -0.80959 0.583174 -0.0668735 49.1208 -0.075308 0.00979419 0.997112 -3.62381
0.587271 0.808227 0.0433745 228.085 -0.803669 0.588643 -0.087266 47.8382 -0.0960628 0.01639 0.99524 -3.75953
0.595464 0.803067 0.0225061 229.051 -0.799451 0.595085 -0.082173 46.4688 -0.0793835 0.0309385 0.996364 -3.93547
0.601268 0.798992 0.00945634 230.093 -0.797233 0.600657 -0.0602547 45.053 -0.0538231 0.0286903 0.998138 -4.06065
0.604005 0.796852 -0.0143478 231.176 -0.796811 0.603407 -0.0314988 43.5899 -0.0164423 0.0304579 0.999401 -4.14212
0.605227 0.795925 -0.0143039 232.291 -0.79605 0.605074 -0.0138213 42.0932 -0.00234576 0.0197516 0.999802 -4.18752
0.606419 0.79505 -0.012348 233.421 -0.795064 0.60606 -0.0237543 40.5662 -0.0114022 0.0242225 0.999642 -4.25084
0.607215 0.794497 -0.00802364 234.538 -0.794207 0.60664 -0.0349726 39.0254 -0.0229182 0.0276083 0.999356 -4.33195
0.604699 0.796268 -0.0172095 235.671 -0.796298 0.604011 -0.0328873 37.5044 -0.0157924 0.0335908 0.999311 -4.3611
0.607855 0.79313 -0.0381651 236.787 -0.794043 0.606972 -0.0328751 35.9645 -0.00290914 0.050288 0.998731 -4.41491
0.617445 0.785342 -0.0447163 237.944 -0.786602 0.616757 -0.029477 34.4513 0.00442953 0.0533743 0.998565 -4.44457
0.626582 0.77812 -0.0438651 239.121 -0.779279 0.626316 -0.0212694 32.9694 0.0109232 0.0475102 0.998811 -4.46014
0.635888 0.770835 -0.0382142 240.304 -0.771652 0.635907 -0.0132311 31.5165 0.0141017 0.0379016 0.999182 -4.46793
0.64738 0.761547 -0.030766 241.515 -0.762138 0.647182 -0.0173289 30.0735 0.00671444 0.0346664 0.999376 -4.49328
0.659209 0.751688 -0.020205 242.732 -0.751959 0.658923 -0.0194498 28.6702 -0.00130668 0.0280148 0.999607 -4.52452
0.669782 0.742257 -0.021154 243.959 -0.742557 0.66946 -0.0207741 27.2821 -0.00125795 0.0296222 0.99956 -4.56226
0.680304 0.732723 -0.0173961 245.207 -0.732925 0.680028 -0.0195448 25.9122 -0.00249109 0.0260465 0.999658 -4.60222
0.691231 0.722583 -0.00860698 246.476 -0.722631 0.691142 -0.0113062 24.5639 -0.00222101 0.0140349 0.999899 -4.6305
0.698113 0.71581 -0.015925 247.757 -0.715958 0.698113 -0.00647932 23.2334 0.00647946 0.0159249 0.999852 -4.65668
0.697691 0.716031 -0.022955 249.008 -0.716255 0.697834 -0.00232006 21.9095 0.0143576 0.0180603 0.999734 -4.66999
0.696776 0.716869 -0.0245225 250.245 -0.717111 0.696958 -0.00155151 20.5883 0.0159789 0.0186664 0.999698 -4.66383
0.693104 0.720394 -0.0252955 251.468 -0.720661 0.693285 -0.00216836 19.2714 0.0159749 0.0197324 0.999678 -4.66401
0.69075 0.722726 -0.0230711 252.672 -0.722902 0.69095 0.000993229 17.9743 0.0166588 0.015992 0.999733 -4.6651
0.687462 0.725694 -0.0276448 253.851 -0.726006 0.687686 -0.00191078 16.6818 0.0176243 0.0213839 0.999616 -4.67362
0.686046 0.727395 -0.0154205 255.015 -0.727368 0.686197 0.00831405 15.4249 0.0166291 0.00551256 0.999847 -4.66506
0.686541 0.726859 -0.0183639 256.143 -0.726992 0.686645 -0.000882158 14.1753 0.0119682 0.013956 0.999831 -4.68061
0.690091 0.723698 -0.00593858 257.279 -0.723722 0.690059 -0.00676658 12.9632 -0.000798993 0.00896743 0.999959 -4.69896
0.706235 0.707864 -0.0127161 258.441 -0.707978 0.706112 -0.0131807 11.7883 -0.000351167 0.0183114 0.999832 -4.72004
0.720761 0.692986 -0.0165254 259.612 -0.693166 0.720706 -0.0101551 10.6474 0.00487265 0.0187742 0.999812 -4.73539
0.731523 0.681602 -0.0170837 260.818 -0.681741 0.731586 -0.0034158 9.51657 0.01017 0.0141454 0.999848 -4.74625
0.735202 0.677596 -0.0184904 262.055 -0.677775 0.735251 -0.00528944 8.34056 0.010011 0.0164211 0.999815 -4.76562
0.737935 0.674537 -0.0212727 263.313 -0.674723 0.738068 -0.00221744 7.159 0.014205 0.0159895 0.999771 -4.77163
0.740816 0.671076 -0.0291373 264.613 -0.671414 0.741078 -0.00255795 5.95668 0.0198764 0.0214581 0.999572 -4.78596
0.744522 0.667105 -0.0256415 265.924 -0.667398 0.74469 -0.00414896 4.74532 0.0163272 0.0202021 0.999663 -4.78415
0.746229 0.665034 -0.0295314 267.243 -0.665399 0.746479 -0.00360096 3.53444 0.0196498 0.0223373 0.999557 -4.7873
0.746262 0.665042 -0.0285049 268.567 -0.665336 0.746543 -0.0011089 2.31386 0.0205427 0.0197929 0.999593 -4.78162
0.743639 0.667747 -0.0333998 269.888 -0.668207 0.743966 -0.00372169 1.0881 0.0223632 0.0250856 0.999435 -4.7664
0.739422 0.672096 -0.0392654 271.193 -0.672885 0.739671 -0.0105948 -0.163846 0.0219227 0.0342551 0.999173 -4.76459
0.735755 0.676125 -0.0389922 272.503 -0.676841 0.736089 -0.00771435 -1.4047 0.0234858 0.0320674 0.99921 -4.76156
0.734183 0.677579 -0.0431512 273.79 -0.678484 0.734552 -0.00960194 -2.65058 0.0251907 0.036327 0.999022 -4.75122
0.734794 0.677063 -0.0407828 275.081 -0.677852 0.735152 -0.00827275 -3.87293 0.0243804 0.0337235 0.999134 -4.74316
0.738361 0.67287 -0.0454845 276.357 -0.673811 0.738862 -0.00785351 -5.07463 0.0283224 0.0364466 0.998934 -4.72535
0.742557 0.668199 -0.046031 277.64 -0.669062 0.743192 -0.00470396 -6.25369 0.0310667 0.0342905 0.998929 -4.70553
0.74651 0.663742 -0.0465819 278.914 -0.664735 0.747031 -0.00849547 -7.43311 0.0291593 0.0373065 0.998878 -4.68963
0.750477 0.659426 -0.0440601 280.192 -0.66034 0.750912 -0.00907741 -8.58785 0.0270994 0.0359071 0.998988 -4.67261
0.755275 0.654156 -0.0404822 281.476 -0.654851 0.755738 -0.00548025 -9.72965 0.027009 0.0306489 0.999165 -4.64894
0.759807 0.648891 -0.04041 282.764 -0.649573 0.760282 -0.00520411 -10.8524 0.0273461 0.0302033 0.99917 -4.63591
0.76299 0.645251 -0.0386839 284.026 -0.64577 0.763531 -0.00119934 -11.9374 0.0287625 0.025896 0.999251 -4.61805
0.766021 0.641957 -0.0332125 285.286 -0.64239 0.766371 -0.00319285 -13.0209 0.0234034 0.0237811 0.999443 -4.61233
0.766263 0.642001 -0.0260218 286.53 -0.642185 0.766548 0.00162817 -14.0797 0.0209922 0.0154632 0.99966 -4.60555
0.75948 0.649727 -0.0323115 287.718 -0.649971 0.75995 0.00373403 -15.1479 0.0269813 0.0181656 0.999471 -4.59738
0.74093 0.670788 -0.0326563 288.854 -0.67094 0.741472 0.00765221 -16.236 0.0293467 0.0162407 0.999437 -4.58183
0.719335 0.693994 -0.0305 289.94 -0.694123 0.719814 0.00785676 -17.3534 0.0274069 0.0155191 0.999504 -4.56626
0.689291 0.72393 -0.0283414 290.956 -0.724007 0.68973 0.00934697 -18.4965 0.0263144 0.0140766 0.999555 -4.54913
0.654973 0.755153 -0.0274598 291.892 -0.755173 0.655419 0.0118167 -19.6673 0.026921 0.0129973 0.999553 -4.53883
0.621051 0.783237 -0.0289126 292.761 -0.783317 0.621523 0.0110899 -20.8748 0.0266559 0.0157603 0.99952 -4.53995
0.595409 0.803043 -0.024716 293.593 -0.803138 0.595735 0.00833081 -22.0771 0.0214142 0.0148901 0.99966 -4.5308
0.593326 0.804594 -0.0243247 294.433 -0.804851 0.593475 -0.00135361 -23.2733 0.013347 0.0203809 0.999703 -4.52859
0.603227 0.797252 -0.0225223 295.3 -0.797496 0.603314 -0.00343943 -24.4476 0.010846 0.0200362 0.99974 -4.54139
0.61222 0.789842 -0.0365531 296.187 -0.79045 0.612515 -0.00380298 -25.6251 0.0193856 0.0312217 0.999324 -4.55711
0.627452 0.777658 -0.0393957 297.139 -0.778257 0.627946 0.000220068 -26.8108 0.0249095 0.0305219 0.999224 -4.54687
0.64562 0.762941 -0.0330887 298.148 -0.763567 0.645608 -0.0124998 -28.0211 0.0118257 0.0333356 0.999374 -4.5762
0.666562 0.745323 -0.013721 299.233 -0.745331 0.666671 0.00556033 -29.1819 0.0132917 0.00652039 0.99989 -4.52652
0.687705 0.725291 -0.0318457 300.339 -0.725571 0.688137 0.00378859 -30.3698 0.024662 0.0205009 0.999486 -4.55659
0.708176 0.705823 -0.0173528 301.526 -0.705942 0.708269 -0.00107444 -31.5484 0.0115321 0.013011 0.999849 -4.56475
0.728511 0.684827 -0.0168411 302.759 -0.684841 0.728669 0.00582247 -32.6994 0.0162589 0.00729171 0.999841 -4.5708
0.747458 0.664127 -0.0155432 304.043 -0.66416 0.747581 0.00368535 -33.8224 0.0140673 0.00756853 0.999872 -4.58172
0.757468 0.652695 -0.0152026 305.343 -0.652471 0.757614 0.017404 -34.9434 0.0228772 -0.00326369 0.999733 -4.55988
0.762707 0.646345 -0.0227076 306.651 -0.646028 0.763045 0.0202497 -36.0858 0.0304152 -0.000774839 0.999537 -4.56453
0.765755 0.64303 -0.0114758 307.986 -0.64255 0.765699 0.0288849 -37.2088 0.0273609 -0.014745 0.999517 -4.54037
0.767634 0.640676 -0.0164702 309.284 -0.640532 0.767811 0.0135941 -38.3516 0.0213554 0.000114338 0.999772 -4.54187
0.770076 0.637808 -0.01356 310.579 -0.637501 0.770157 0.0212274 -39.4396 0.0239823 -0.00770223 0.999683 -4.53267
0.769851 0.638092 -0.0129705 311.85 -0.637229 0.769626 0.0401891 -40.4986 0.0356268 -0.0226744 0.999108 -4.48189
